0	1	3e-06	1	0	0	0	6.3	0
0.02	1	3e-06	1	0.126	0	-0.771132	6.20284	0
0.04	1	3e-06	0.984577	0.250057	0	-1.5127	6.01445	0
0.06	1	3e-06	0.954323	0.370346	0	-2.21504	5.74179	0
0.08	1	3e-06	0.910023	0.485181	0	-2.86996	5.39247	0
0.1	1	3e-06	0.852623	0.593031	0	-3.47062	4.97449	0
0.12	1	3e-06	0.783211	0.692521	0	-4.01144	4.49606	0
0.14	1	3e-06	0.702982	0.782442	0	-4.48797	3.96539	0
0.16	1	3e-06	0.613223	0.86175	0	-4.89675	3.39063	0
0.18	1	3e-06	0.515288	0.929562	0	-5.23517	2.77976	0
0.2	1	3e-06	0.410585	0.985158	0	-5.5014	2.14058	0
0.22	1	3e-06	0.300557	1.02797	0	-5.69421	1.48067	0
0.24	1	3e-06	0.186672	1.05758	0	-5.81297	0.807405	0
0.26	1	3e-06	0.070413	1.07373	0	-5.85749	0.127973	0
0.28	1	3e-06	-0.0467368	1.07629	0	-5.82805	-0.550591	0
0.3	1	3e-06	-0.163298	1.06528	0	-5.72531	-1.22137	0
0.32	1	3e-06	-0.277804	1.04085	0	-5.55035	-1.87754	0
0.34	1	3e-06	-0.388811	1.0033	0	-5.30462	-2.51232	0
0.36	1	3e-06	-0.494903	0.953054	0	-4.99001	-3.11892	0
0.38	1	3e-06	-0.594704	0.890675	0	-4.60884	-3.69058	0
0.4	1	3e-06	-0.68688	0.816864	0	-4.16397	-4.22048	0
0.42	1	3e-06	-0.77016	0.732454	0	-3.65883	-4.70178	0
0.44	1	3e-06	-0.843336	0.638419	0	-3.09752	-5.12765	0
0.46	1	3e-06	-0.905287	0.535866	0	-2.48491	-5.49129	0
0.48	1	3e-06	-0.954985	0.42604	0	-1.82671	-5.78601	0
0.5	1	3e-06	-0.991519	0.31032	0	-1.1296	-6.00533	0
0.52	1	3e-06	-1.01411	0.190213	0	-0.401327	-6.14316	0
0.54	1	3e-06	-1.02214	0.0673497	0	0.349256	-6.19392	0
0.56	1	3e-06	-1.01515	-0.0565286	0	1.11211	-6.15282	0
0.58	1	3e-06	-0.99291	-0.179585	0	1.87601	-6.01613	0
0.6	1	3e-06	-0.95539	-0.299908	0	2.62862	-5.78143	0
0.62	1	3e-06	-0.902818	-0.415536	0	3.35663	-5.448	0
0.64	1	3e-06	-0.835685	-0.524496	0	4.04597	-5.0171	0
0.66	1	3e-06	-0.754766	-0.624838	0	4.68215	-4.49227	0
0.68	1	3e-06	-0.661123	-0.714683	0	5.25071	-3.87959	0
0.7	1	3e-06	-0.556108	-0.792275	0	5.7377	-3.18781	0
0.72	1	3e-06	-0.441354	-0.856031	0	6.13036	-2.42834	0
0.74	1	3e-06	-0.318747	-0.904598	0	6.41769	-1.61513	0
0.76	1	3e-06	-0.190393	-0.936901	0	6.59106	-0.764299	0
0.78	1	3e-06	-0.0585722	-0.952187	0	6.64476	0.106341	0
0.8	1	3e-06	0.074323	-0.95006	0	6.57638	0.977957	0
0.82	1	3e-06	0.205851	-0.930501	0	6.38701	1.83145	0
0.84	1	3e-06	0.333591	-0.893872	0	6.08123	2.64825	0
0.86	1	3e-06	0.455215	-0.840907	0	5.66687	3.41108	0
0.88	1	3e-06	0.568553	-0.772685	0	5.15462	4.1046	0
0.9	1	3e-06	0.671645	-0.690593	0	4.55745	4.71595	0
0.92	1	3e-06	0.762794	-0.596274	0	3.88995	5.23505	0
0.94	1	3e-06	0.840594	-0.491573	0	3.16766	5.65474	0
0.96	1	3e-06	0.903947	-0.378479	0	2.40643	5.97077	0
0.98	1	3e-06	0.952075	-0.259063	0	1.62183	6.18156	0
1	1	3e-06	0.984512	-0.135432	0	0.82874	6.28797	0
1.02	1	3e-06	1.00109	-0.00967247	0	0.0409315	6.2929	0
1.04	1	3e-06	1.00191	0.116186	0	-0.729101	6.20093	0
1.06	1	3e-06	0.987323	0.240204	0	-1.47029	6.01795	0
1.08	1	3e-06	0.957918	0.360563	0	-2.17302	5.75079	0
1.1	1	3e-06	0.914457	0.475579	0	-2.82912	5.40693	0
1.12	1	3e-06	0.857875	0.583717	0	-3.43172	4.99427	0
1.14	1	3e-06	0.78924	0.683603	0	-3.97524	4.52087	0
1.16	1	3e-06	0.709736	0.77402	0	-4.45516	3.99486	0
1.18	1	3e-06	0.620633	0.853917	0	-4.86796	3.42426	0
1.2	1	3e-06	0.523273	0.922403	0	-5.21097	2.81699	0
1.22	1	3e-06	0.419054	0.978742	0	-5.48224	2.18075	0
1.24	1	3e-06	0.309409	1.02236	0	-5.68047	1.52308	0
1.26	1	3e-06	0.1958	1.05282	0	-5.80491	0.851304	0
1.28	1	3e-06	0.0797017	1.06985	0	-5.85527	0.172584	0
1.3	1	3e-06	-0.0374037	1.0733	0	-5.83171	-0.50606	0
1.32	1	3e-06	-0.154038	1.06318	0	-5.73481	-1.17771	0
1.34	1	3e-06	-0.268734	1.03962	0	-5.5655	-1.83553	0
1.36	1	3e-06	-0.380044	1.00291	0	-5.32515	-2.47269	0
1.38	1	3e-06	-0.486547	0.953457	0	-5.01553	-3.08238	0
1.4	1	3e-06	-0.586858	0.89181	0	-4.63889	-3.65776	0
1.42	1	3e-06	-0.679635	0.818654	0	-4.19798	-4.19195	0
1.44	1	3e-06	-0.763595	0.734816	0	-3.69617	-4.67802	0
1.46	1	3e-06	-0.837518	0.641255	0	-3.1375	-5.10905	0
1.48	1	3e-06	-0.900268	0.539074	0	-2.52677	-5.47813	0
1.5	1	3e-06	-0.950804	0.429511	0	-1.86967	-5.77845	0
1.52	1	3e-06	-0.988197	0.313942	0	-1.17288	-6.00342	0
1.54	1	3e-06	-1.01165	0.193874	0	-0.444122	-6.14681	0
1.56	1	3e-06	-1.02054	0.0709377	0	0.307694	-6.20294	0
1.58	1	3e-06	-1.01438	-0.0531211	0	1.07248	-6.1669	0
1.6	1	3e-06	-0.992934	-0.176459	0	1.83895	-6.03484	0
1.62	1	3e-06	-0.956155	-0.297156	0	2.59467	-5.80429	0
1.64	1	3e-06	-0.904261	-0.413242	0	3.32621	-5.47445	0
1.66	1	3e-06	-0.837737	-0.522731	0	4.0194	-5.04654	0
1.68	1	3e-06	-0.757349	-0.623662	0	4.65963	-4.5241	0
1.7	1	3e-06	-0.664156	-0.714144	0	5.23233	-3.91325	0
1.72	1	3e-06	-0.55951	-0.792409	0	5.72347	-3.22275	0
1.74	1	3e-06	-0.445041	-0.856864	0	6.12021	-2.46411	0
1.76	1	3e-06	-0.322636	-0.906146	0	6.41151	-1.65133	0
1.78	1	3e-06	-0.194406	-0.939172	0	6.58874	-0.800603	0
1.8	1	3e-06	-0.0626314	-0.955184	0	6.6462	0.0702012	0
1.82	1	3e-06	0.0702927	-0.95378	0	6.58152	0.942218	0
1.84	1	3e-06	0.201923	-0.934936	0	6.39582	1.79634	0
1.86	1	3e-06	0.329839	-0.899009	0	6.09371	2.61402	0
1.88	1	3e-06	0.451714	-0.846729	0	5.68305	3.37803	0
1.9	1	3e-06	0.565375	-0.779168	0	5.17453	4.07308	0
1.92	1	3e-06	0.668865	-0.697707	0	4.58107	4.68638	0
1.94	1	3e-06	0.760487	-0.603979	0	3.91721	5.20791	0
1.96	1	3e-06	0.838831	-0.499821	0	3.1984	5.63055	0
1.98	1	3e-06	0.902799	-0.38721	0	2.44039	5.95005	0
2	1	3e-06	0.951607	-0.268209	0	1.65864	6.16484	0
2.02	1	3e-06	0.984779	-0.144912	0	0.867914	6.27572	0
2.04	1	3e-06	1.00214	-0.019398	0	0.0818947	6.28553	0
2.06	1	3e-06	1.00378	0.106313	0	-0.687012	6.19877	0
2.08	1	3e-06	0.990035	0.230288	0	-1.4278	6.0212	0
2.1	1	3e-06	0.961479	0.350712	0	-2.1309	5.75955	0
2.12	1	3e-06	0.918861	0.465903	0	-2.78815	5.42118	0
2.14	1	3e-06	0.863098	0.574327	0	-3.39268	5.01384	0
2.16	1	3e-06	0.795245	0.674603	0	-3.93887	4.5455	0
2.18	1	3e-06	0.716467	0.765513	0	-4.42216	4.02416	0
2.2	1	3e-06	0.628024	0.845997	0	-4.83897	3.45775	0
2.22	1	3e-06	0.531245	0.915152	0	-5.18655	2.85409	0
2.24	1	3e-06	0.427514	0.972233	0	-5.46286	2.22083	0
2.26	1	3e-06	0.318256	1.01665	0	-5.6665	1.56542	0
2.28	1	3e-06	0.204926	1.04796	0	-5.79661	0.895164	0
2.3	1	3e-06	0.0889942	1.06586	0	-5.85281	0.217185	0
2.32	1	3e-06	-0.028062	1.07021	0	-5.83514	-0.461508	0
2.34	1	3e-06	-0.144765	1.06098	0	-5.74406	-1.134	0
2.36	1	3e-06	-0.259646	1.0383	0	-5.58042	-1.79343	0
2.38	1	3e-06	-0.371254	1.00243	0	-5.34545	-2.43295	0
2.4	1	3e-06	-0.478164	0.953768	0	-5.04085	-3.0457	0
2.42	1	3e-06	-0.57898	0.892854	0	-4.66875	-3.62478	0
2.44	1	3e-06	-0.672355	0.820358	0	-4.23183	-4.16324	0
2.46	1	3e-06	-0.756992	0.737093	0	-3.73337	-4.65407	0
2.48	1	3e-06	-0.831659	0.644012	0	-3.17735	-5.09024	0
2.5	1	3e-06	-0.895206	0.542207	0	-2.56852	-5.46475	0
2.52	1	3e-06	-0.946577	0.432912	0	-1.91255	-5.77066	0
2.54	1	3e-06	-0.984828	0.317499	0	-1.21609	-6.00127	0
2.56	1	3e-06	-1.00915	0.197473	0	-0.486882	-6.15022	0
2.58	1	3e-06	-1.01889	0.0744692	0	0.266141	-6.2117	0
2.6	1	3e-06	-1.01356	-0.0497649	0	1.03284	-6.18071	0
2.62	1	3e-06	-0.992907	-0.173379	0	1.80184	-6.0533	0
2.64	1	3e-06	-0.956871	-0.294445	0	2.56063	-5.82689	0
2.66	1	3e-06	-0.905658	-0.410983	0	3.29568	-5.50063	0
2.68	1	3e-06	-0.839744	-0.520995	0	3.99269	-5.07572	0
2.7	1	3e-06	-0.759891	-0.62251	0	4.63693	-4.5557	0
2.72	1	3e-06	-0.667152	-0.713624	0	5.21373	-3.94668	0
2.74	1	3e-06	-0.562878	-0.792557	0	5.70897	-3.2575	0
2.76	1	3e-06	-0.448698	-0.857707	0	6.10976	-2.49972	0
2.78	1	3e-06	-0.326503	-0.907702	0	6.40501	-1.68741	0
2.8	1	3e-06	-0.198403	-0.94145	0	6.58609	-0.836846	0
2.82	1	3e-06	-0.0666808	-0.958187	0	6.6473	0.0340673	0
2.84	1	3e-06	0.0662653	-0.957506	0	6.58632	0.906428	0
2.86	1	3e-06	0.197992	-0.939377	0	6.4043	1.76113	0
2.88	1	3e-06	0.326078	-0.904155	0	6.10589	2.57964	0
2.9	1	3e-06	0.448195	-0.852562	0	5.69897	3.34478	0
2.92	1	3e-06	0.562175	-0.785666	0	5.19421	4.04133	0
2.94	1	3e-06	0.666059	-0.70484	0	4.6045	4.65656	0
2.96	1	3e-06	0.758149	-0.611709	0	3.94432	5.18049	0
2.98	1	3e-06	0.837035	-0.508099	0	3.22903	5.60606	0
3	1	3e-06	0.901616	-0.395977	0	2.47427	5.92904	0
3.02	1	3e-06	0.951101	-0.277397	0	1.69541	6.14782	0
3.04	1	3e-06	0.98501	-0.15444	0	0.907089	6.26319	0
3.06	1	3e-06	1.00315	-0.0291764	0	0.122887	6.27789	0
3.08	1	3e-06	1.00561	0.0963815	0	-0.644868	6.19634	0
3.1	1	3e-06	0.992712	0.220308	0	-1.38524	6.02421	0
3.12	1	3e-06	0.965007	0.340792	0	-2.08868	5.76808	0
3.14	1	3e-06	0.923233	0.456154	0	-2.74705	5.43521	0
3.16	1	3e-06	0.868292	0.564858	0	-3.35349	5.03322	0
3.18	1	3e-06	0.801222	0.665523	0	-3.90234	4.56995	0
3.2	1	3e-06	0.723176	0.756921	0	-4.38899	4.05329	0
3.22	1	3e-06	0.635396	0.837987	0	-4.80979	3.49109	0
3.24	1	3e-06	0.5392	0.907809	0	-5.16192	2.89107	0
3.26	1	3e-06	0.435962	0.965631	0	-5.44326	2.26081	0
3.28	1	3e-06	0.327096	1.01085	0	-5.6523	1.6077	0
3.3	1	3e-06	0.214051	1.043	0	-5.78808	0.938984	0
3.32	1	3e-06	0.098289	1.06178	0	-5.85011	0.261775	0
3.34	1	3e-06	-0.0187132	1.06702	0	-5.83833	-0.416939	0
3.36	1	3e-06	-0.13548	1.05868	0	-5.75308	-1.09024	0
3.38	1	3e-06	-0.250541	1.03687	0	-5.59511	-1.75126	0
3.4	1	3e-06	-0.362444	1.00185	0	-5.36554	-2.39311	0
3.42	1	3e-06	-0.469754	0.953985	0	-5.06596	-3.00889	0
3.44	1	3e-06	-0.571074	0.893807	0	-4.69842	-3.59165	0
3.46	1	3e-06	-0.665042	0.821974	0	-4.2655	-4.13436	0
3.48	1	3e-06	-0.750352	0.739287	0	-3.77041	-4.62993	0
3.5	1	3e-06	-0.82576	0.646688	0	-3.21707	-5.07123	0
3.52	1	3e-06	-0.890102	0.545264	0	-2.61017	-5.45114	0
3.54	1	3e-06	-0.942305	0.436241	0	-1.95535	-5.76263	0
3.56	1	3e-06	-0.981412	0.320988	0	-1.25924	-5.99886	0
3.58	1	3e-06	-1.0066	0.201011	0	-0.529605	-6.15337	0
3.6	1	3e-06	-1.01719	0.0779436	0	0.224601	-6.22021	0
3.62	1	3e-06	-1.0127	-0.0464606	0	0.993181	-6.19426	0
3.64	1	3e-06	-0.992833	-0.170346	0	1.76469	-6.07148	0
3.66	1	3e-06	-0.957539	-0.291775	0	2.52653	-5.84921	0
3.68	1	3e-06	-0.907009	-0.408759	0	3.26504	-5.52654	0
3.7	1	3e-06	-0.841708	-0.51929	0	3.96582	-5.10464	0
3.72	1	3e-06	-0.762391	-0.621383	0	4.61404	-4.58704	0
3.74	1	3e-06	-0.670111	-0.713124	0	5.19491	-3.97988	0
3.76	1	3e-06	-0.566213	-0.792722	0	5.69423	-3.29206	0
3.78	1	3e-06	-0.452328	-0.858563	0	6.09903	-2.53518	0
3.8	1	3e-06	-0.330347	-0.909266	0	6.3982	-1.72339	0
3.82	1	3e-06	-0.202383	-0.943734	0	6.5831	-0.873027	0
3.84	1	3e-06	-0.0707215	-0.961195	0	6.64806	-0.00206058	0
3.86	1	3e-06	0.0622397	-0.961236	0	6.59078	0.870588	0
3.88	1	3e-06	0.194055	-0.943824	0	6.41245	1.72581	0
3.9	1	3e-06	0.322304	-0.909308	0	6.11777	2.5451	0
3.92	1	3e-06	0.44466	-0.858406	0	5.71461	3.31133	0
3.94	1	3e-06	0.558952	-0.792179	0	5.21365	4.00935	0
3.96	1	3e-06	0.663225	-0.711992	0	4.62774	4.62647	0
3.98	1	3e-06	0.75578	-0.619463	0	3.97128	5.1528	0
4	1	3e-06	0.835205	-0.516407	0	3.25955	5.5813	0
4.02	1	3e-06	0.900396	-0.404781	0	2.50809	5.90775	0
4.04	1	3e-06	0.950558	-0.286626	0	1.73215	6.13053	0
4.06	1	3e-06	0.985201	-0.164015	0	0.94626	6.25038	0
4.08	1	3e-06	1.00413	-0.0390077	0	0.163906	6.26999	0
4.1	1	3e-06	1.0074	0.0863921	0	-0.602672	6.19366	0
4.12	1	3e-06	0.995351	0.210265	0	-1.34259	6.02697	0
4.14	1	3e-06	0.968499	0.330805	0	-2.04636	5.77638	0
4.16	1	3e-06	0.927572	0.446332	0	-2.70584	5.44901	0
4.18	1	3e-06	0.873455	0.555313	0	-3.31417	5.05238	0
4.2	1	3e-06	0.807172	0.65636	0	-3.86565	4.59421	0
4.22	1	3e-06	0.729859	0.748244	0	-4.35564	4.08226	0
4.24	1	3e-06	0.642746	0.82989	0	-4.78042	3.52429	0
4.26	1	3e-06	0.547138	0.900375	0	-5.13708	2.92794	0
4.28	1	3e-06	0.444396	0.958934	0	-5.42343	2.30069	0
4.3	1	3e-06	0.335928	1.00495	0	-5.63786	1.6499	0
4.32	1	3e-06	0.22317	1.03795	0	-5.7793	0.982762	0
4.34	1	3e-06	0.107584	1.0576	0	-5.84717	0.306353	0
4.36	1	3e-06	-0.00935901	1.06373	0	-5.84128	-0.372352	0
4.38	1	3e-06	-0.126185	1.05628	0	-5.76187	-1.04644	0
4.4	1	3e-06	-0.241422	1.03535	0	-5.60957	-1.70901	0
4.42	1	3e-06	-0.353613	1.00117	0	-5.38541	-2.35317	0
4.44	1	3e-06	-0.461321	0.954109	0	-5.09087	-2.97196	0
4.46	1	3e-06	-0.563139	0.894669	0	-4.7279	-3.55837	0
4.48	1	3e-06	-0.657697	0.823502	0	-4.299	-4.10531	0
4.5	1	3e-06	-0.743677	0.741396	0	-3.80731	-4.60559	0
4.52	1	3e-06	-0.819823	0.649284	0	-3.25665	-5.05201	0
4.54	1	3e-06	-0.884956	0.548244	0	-2.65171	-5.43731	0
4.56	1	3e-06	-0.93799	0.439498	0	-1.99805	-5.75437	0
4.58	1	3e-06	-0.977951	0.32441	0	-1.30233	-5.99622	0
4.6	1	3e-06	-1.004	0.204486	0	-0.572287	-6.15626	0
4.62	1	3e-06	-1.01544	0.0813606	0	0.183076	-6.22845	0
4.64	1	3e-06	-1.01178	-0.0432084	0	0.953511	-6.20754	0
4.66	1	3e-06	-0.992712	-0.167359	0	1.7275	-6.08939	0
4.68	1	3e-06	-0.958162	-0.289147	0	2.49235	-5.87126	0
4.7	1	3e-06	-0.908315	-0.406572	0	3.23429	-5.55219	0
4.72	1	3e-06	-0.843629	-0.517616	0	3.93882	-5.1333	0
4.74	1	3e-06	-0.764853	-0.620282	0	4.59097	-4.61814	0
4.76	1	3e-06	-0.673033	-0.712645	0	5.17586	-4.01286	0
4.78	1	3e-06	-0.569516	-0.792902	0	5.67922	-3.32642	0
4.8	1	3e-06	-0.455932	-0.85943	0	6.088	-2.57047	0
4.82	1	3e-06	-0.334171	-0.91084	0	6.39107	-1.75925	0
4.84	1	3e-06	-0.20635	-0.946025	0	6.57977	-0.909147	0
4.86	1	3e-06	-0.0747546	-0.964208	0	6.64848	-0.0381821	0
4.88	1	3e-06	0.0582149	-0.964971	0	6.5949	0.834697	0
4.9	1	3e-06	0.190113	-0.948277	0	6.42028	1.69039	0
4.92	1	3e-06	0.318519	-0.914469	0	6.12934	2.51041	0
4.94	1	3e-06	0.441105	-0.864261	0	5.72999	3.27769	0
4.96	1	3e-06	0.555705	-0.798707	0	5.23286	3.97713	0
4.98	1	3e-06	0.660362	-0.719165	0	4.65079	4.59614	0
5	1	3e-06	0.753378	-0.627242	0	3.99809	5.12484	0
5.02	1	3e-06	0.83334	-0.524745	0	3.28997	5.55626	0
5.04	1	3e-06	0.899139	-0.41362	0	2.54184	5.88617	0
5.06	1	3e-06	0.949976	-0.295897	0	1.76886	6.11296	0
5.08	1	3e-06	0.985353	-0.173637	0	0.985428	6.2373	0
5.1	1	3e-06	1.00506	-0.0488915	0	0.204948	6.26181	0
5.12	1	3e-06	1.00916	0.0763447	0	-0.560425	6.19073	0
5.14	1	3e-06	0.997952	0.200159	0	-1.29987	6.02948	0
5.16	1	3e-06	0.971955	0.320749	0	-2.00394	5.78444	0
5.18	1	3e-06	0.931876	0.436438	0	-2.66451	5.4626	0
5.2	1	3e-06	0.878586	0.54569	0	-3.2747	5.07135	0
5.22	1	3e-06	0.813092	0.647117	0	-3.8288	4.61828	0
5.24	1	3e-06	0.736516	0.739482	0	-4.32211	4.11106	0
5.26	1	3e-06	0.650074	0.821703	0	-4.75085	3.55734	0
5.28	1	3e-06	0.555057	0.89285	0	-5.11204	2.96467	0
5.3	1	3e-06	0.452816	0.952144	0	-5.40339	2.34047	0
5.32	1	3e-06	0.344748	0.998953	0	-5.62319	1.69203	0
5.34	1	3e-06	0.232284	1.03279	0	-5.77029	1.0265	0
5.36	1	3e-06	0.116879	1.05332	0	-5.84398	0.350916	0
5.38	1	3e-06	-1.1459e-06	1.06034	0	-5.84398	-0.327751	0
5.4	1	3e-06	-0.116881	1.05379	0	-5.77041	-1.00259	0
5.42	1	3e-06	-0.232289	1.03374	0	-5.6238	-1.66669	0
5.44	1	3e-06	-0.344765	1.0004	0	-5.40506	-2.31313	0
5.46	1	3e-06	-0.452866	0.954139	0	-5.11557	-2.9349	0
5.48	1	3e-06	-0.555178	0.895441	0	-4.75719	-3.52495	0
5.5	1	3e-06	-0.650321	0.824942	0	-4.33233	-4.07609	0
5.52	1	3e-06	-0.736968	0.74342	0	-3.84405	-4.58107	0
5.54	1	3e-06	-0.813849	0.651799	0	-3.29611	-5.03258	0
5.56	1	3e-06	-0.879771	0.551147	0	-2.69313	-5.42327	0
5.58	1	3e-06	-0.933634	0.442682	0	-2.04067	-5.74588	0
5.6	1	3e-06	-0.974447	0.327764	0	-1.34534	-5.99333	0
5.62	1	3e-06	-1.00135	0.207898	0	-0.614926	-6.1589	0
5.64	1	3e-06	-1.01365	0.0847197	0	0.141568	-6.23643	0
5.66	1	3e-06	-1.01082	-0.0400088	0	0.913832	-6.22055	0
5.68	1	3e-06	-0.992545	-0.16442	0	1.69028	-6.10702	0
5.7	1	3e-06	-0.958739	-0.28656	0	2.45809	-5.89304	0
5.72	1	3e-06	-0.909577	-0.404421	0	3.20344	-5.57756	0
5.74	1	3e-06	-0.845508	-0.515972	0	3.91167	-5.1617	0
5.76	1	3e-06	-0.767275	-0.619206	0	4.56772	-4.64898	0
5.78	1	3e-06	-0.675921	-0.712186	0	5.1566	-4.04561	0
5.8	1	3e-06	-0.572789	-0.793098	0	5.66395	-3.36057	0
5.82	1	3e-06	-0.45951	-0.86031	0	6.07668	-2.6056	0
5.84	1	3e-06	-0.337976	-0.912422	0	6.38362	-1.79499	0
5.86	1	3e-06	-0.210303	-0.948321	0	6.57612	-0.945204	0
5.88	1	3e-06	-0.0787812	-0.967225	0	6.64855	-0.0742971	0
5.9	1	3e-06	0.0541898	-0.968711	0	6.59868	0.798757	0
5.92	1	3e-06	0.186163	-0.952736	0	6.42779	1.65486	0
5.94	1	3e-06	0.314719	-0.919639	0	6.14062	2.47557	0
5.96	1	3e-06	0.437532	-0.870128	0	5.7451	3.24385	0
5.98	1	3e-06	0.552434	-0.805251	0	5.25185	3.94469	0
6	1	3e-06	0.65747	-0.726357	0	4.67365	4.56555	0
6.02	1	3e-06	0.750943	-0.635046	0	4.02476	5.09661	0
6.04	1	3e-06	0.831439	-0.533114	0	3.32027	5.53094	0
6.06	1	3e-06	0.897844	-0.422495	0	2.57552	5.86431	0
6.08	1	3e-06	0.949354	-0.305209	0	1.80552	6.0951	0
6.1	1	3e-06	0.985465	-0.183307	0	1.02459	6.22394	0
6.12	1	3e-06	1.00596	-0.0588278	0	0.246012	6.25337	0
6.14	1	3e-06	1.01088	0.0662396	0	-0.51813	6.18753	0
6.16	1	3e-06	1.00051	0.18999	0	-1.25708	6.03175	0
6.18	1	3e-06	0.975373	0.310625	0	-1.96143	5.79227	0
6.2	1	3e-06	0.936144	0.426471	0	-2.62306	5.47597	0
6.22	1	3e-06	0.883683	0.53599	0	-3.2351	5.0901	0
6.24	1	3e-06	0.818981	0.637792	0	-3.79179	4.64216	0
6.26	1	3e-06	0.743145	0.730635	0	-4.2884	4.13969	0
6.28	1	3e-06	0.657377	0.813429	0	-4.72109	3.59025	0
6.3	1	3e-06	0.562955	0.885234	0	-5.08679	3.00128	0
6.32	1	3e-06	0.461219	0.94526	0	-5.38312	2.38016	0
6.34	1	3e-06	0.353557	0.992863	0	-5.6083	1.73409	0
6.36	1	3e-06	0.241391	1.02754	0	-5.76105	1.07019	0
6.38	1	3e-06	0.12617	1.04895	0	-5.84056	0.395464	0
6.4	1	3e-06	0.00935874	1.05686	0	-5.84645	-0.283135	0
6.42	1	3e-06	-0.10757	1.05119	0	-5.77872	-0.958697	0
6.44	1	3e-06	-0.223145	1.03202	0	-5.6378	-1.6243	0
6.46	1	3e-06	-0.335901	0.999535	0	-5.42449	-2.27299	0
6.48	1	3e-06	-0.44439	0.954075	0	-5.14006	-2.89772	0
6.5	1	3e-06	-0.547192	0.896121	0	-4.78629	-3.49137	0
6.52	1	3e-06	-0.642917	0.826293	0	-4.36549	-4.0467	0
6.54	1	3e-06	-0.730227	0.745359	0	-3.88063	-4.55636	0
6.56	1	3e-06	-0.80784	0.654232	0	-3.33543	-5.01294	0
6.58	1	3e-06	-0.874548	0.553973	0	-2.73444	-5.409	0
6.6	1	3e-06	-0.929237	0.445793	0	-2.0832	-5.73715	0
6.62	1	3e-06	-0.970901	0.33105	0	-1.3883	-5.9902	0
6.64	1	3e-06	-0.998667	0.211246	0	-0.65752	-6.16129	0
6.66	1	3e-06	-1.01182	0.0880207	0	0.10008	-6.24414	0
6.68	1	3e-06	-1.00982	-0.0368622	0	0.874145	-6.23329	0
6.7	1	3e-06	-0.992333	-0.161528	0	1.65301	-6.12439	0
6.72	1	3e-06	-0.959273	-0.284016	0	2.42377	-5.91453	0
6.74	1	3e-06	-0.910797	-0.402306	0	3.17248	-5.60266	0
6.76	1	3e-06	-0.847347	-0.51436	0	3.88437	-5.18983	0
6.78	1	3e-06	-0.76966	-0.618156	0	4.54428	-4.67957	0
6.8	1	3e-06	-0.678774	-0.711748	0	5.13712	-4.07813	0
6.82	1	3e-06	-0.576032	-0.79331	0	5.64843	-3.39453	0
6.84	1	3e-06	-0.463063	-0.861201	0	6.06508	-2.64057	0
6.86	1	3e-06	-0.341762	-0.914012	0	6.37586	-1.83062	0
6.88	1	3e-06	-0.214245	-0.950625	0	6.57212	-0.981199	0
6.9	1	3e-06	-0.0828023	-0.970249	0	6.64828	-0.110405	0
6.92	1	3e-06	0.0501632	-0.972457	0	6.60212	0.762767	0
6.94	1	3e-06	0.182206	-0.957202	0	6.43497	1.61923	0
6.96	1	3e-06	0.310905	-0.924817	0	6.1516	2.44057	0
6.98	1	3e-06	0.433937	-0.876006	0	5.75994	3.20982	0
7	1	3e-06	0.549136	-0.811809	0	5.2706	3.91203	0
7.02	1	3e-06	0.654548	-0.733569	0	4.69631	4.5347	0
7.04	1	3e-06	0.748474	-0.642874	0	4.05127	5.06812	0
7.06	1	3e-06	0.829499	-0.541512	0	3.35047	5.50534	0
7.08	1	3e-06	0.896509	-0.431405	0	2.60912	5.84217	0
7.1	1	3e-06	0.948691	-0.314562	0	1.84215	6.07697	0
7.12	1	3e-06	0.985534	-0.193023	0	1.06374	6.21031	0
7.14	1	3e-06	1.00681	-0.0688163	0	0.287095	6.24467	0
7.16	1	3e-06	1.01255	0.056077	0	-0.475791	6.18408	0
7.18	1	3e-06	1.00304	0.179759	0	-1.21422	6.03377	0
7.2	1	3e-06	0.978751	0.300434	0	-1.91882	5.79987	0
7.22	1	3e-06	0.940374	0.416431	0	-2.5815	5.48911	0
7.24	1	3e-06	0.888744	0.526214	0	-3.19536	5.10865	0
7.26	1	3e-06	0.824837	0.628387	0	-3.75463	4.66585	0
7.28	1	3e-06	0.749744	0.721704	0	-4.25453	4.16815	0
7.3	1	3e-06	0.664654	0.805067	0	-4.69114	3.623	0
7.32	1	3e-06	0.570831	0.877527	0	-5.06133	3.03777	0
7.34	1	3e-06	0.469604	0.938282	0	-5.36264	2.41974	0
7.36	1	3e-06	0.362352	0.986677	0	-5.59317	1.77607	0
7.38	1	3e-06	0.250488	1.0222	0	-5.75157	1.11383	0
7.4	1	3e-06	0.135457	1.04447	0	-5.8369	0.439994	0
7.42	1	3e-06	0.018719	1.05327	0	-5.84868	-0.238508	0
7.44	1	3e-06	-0.0982545	1.0485	0	-5.7868	-0.914764	0
7.46	1	3e-06	-0.21399	1.03021	0	-5.65156	-1.58184	0
7.48	1	3e-06	-0.327022	0.998573	0	-5.44369	-2.23275	0
7.5	1	3e-06	-0.435896	0.953918	0	-5.16435	-2.86042	0
7.52	1	3e-06	-0.539183	0.896709	0	-4.81519	-3.45765	0
7.54	1	3e-06	-0.635486	0.827556	0	-4.39846	-4.01714	0
7.56	1	3e-06	-0.723456	0.747213	0	-3.91705	-4.53146	0
7.58	1	3e-06	-0.801797	0.656584	0	-3.37461	-4.99311	0
7.6	1	3e-06	-0.869289	0.556722	0	-2.77563	-5.39451	0
7.62	1	3e-06	-0.924802	0.448832	0	-2.12563	-5.72819	0
7.64	1	3e-06	-0.967314	0.334268	0	-1.43117	-5.98682	0
7.66	1	3e-06	-0.995938	0.214532	0	-0.700066	-6.16342	0
7.68	1	3e-06	-1.00994	0.0912632	0	0.058615	-6.2516	0
7.7	1	3e-06	-1.00877	-0.0337688	0	0.834454	-6.24576	0
7.72	1	3e-06	-0.992078	-0.158684	0	1.61571	-6.14147	0
7.74	1	3e-06	-0.959763	-0.281514	0	2.38939	-5.93576	0
7.76	1	3e-06	-0.911976	-0.400229	0	3.14142	-5.62748	0
7.78	1	3e-06	-0.849147	-0.512778	0	3.85694	-5.21769	0
7.8	1	3e-06	-0.772008	-0.617132	0	4.52067	-4.70991	0
7.82	1	3e-06	-0.681595	-0.71133	0	5.11741	-4.11042	0
7.84	1	3e-06	-0.579247	-0.793539	0	5.63265	-3.42829	0
7.86	1	3e-06	-0.466594	-0.862104	0	6.05318	-2.67538	0
7.88	1	3e-06	-0.34553	-0.915612	0	6.36777	-1.86614	0
7.9	1	3e-06	-0.218175	-0.952935	0	6.56779	-1.01713	0
7.92	1	3e-06	-0.0868191	-0.973277	0	6.64766	-0.146506	0
7.94	1	3e-06	0.0461342	-0.976207	0	6.60522	0.726728	0
7.96	1	3e-06	0.178239	-0.961673	0	6.44183	1.58349	0
7.98	1	3e-06	0.307075	-0.930003	0	6.16228	2.40542	0
8	1	3e-06	0.430321	-0.881894	0	5.77451	3.1756	0
8.02	1	3e-06	0.545811	-0.818383	0	5.28912	3.87913	0
8.04	1	3e-06	0.651593	-0.7408	0	4.71879	4.50361	0
8.06	1	3e-06	0.745969	-0.650728	0	4.07763	5.03935	0
8.08	1	3e-06	0.827522	-0.549941	0	3.38055	5.47946	0
8.1	1	3e-06	0.895133	-0.440351	0	2.64265	5.81976	0
8.12	1	3e-06	0.947986	-0.323956	0	1.87873	6.05856	0
8.14	1	3e-06	0.98556	-0.202785	0	1.10288	6.19641	0
8.16	1	3e-06	1.00762	-0.0788568	0	0.328194	6.2357	0
8.18	1	3e-06	1.01418	0.0458572	0	-0.43341	6.18037	0
8.2	1	3e-06	1.00551	0.169465	0	-1.1713	6.03555	0
8.22	1	3e-06	0.982088	0.290176	0	-1.87613	5.80723	0
8.24	1	3e-06	0.944565	0.40632	0	-2.53983	5.50204	0
8.26	1	3e-06	0.893769	0.516361	0	-3.15549	5.127	0
8.28	1	3e-06	0.830659	0.618901	0	-3.71732	4.68935	0
8.3	1	3e-06	0.756312	0.712688	0	-4.22048	4.19644	0
8.32	1	3e-06	0.671903	0.796616	0	-4.66099	3.6556	0
8.34	1	3e-06	0.578683	0.869728	0	-5.03566	3.07413	0
8.36	1	3e-06	0.47797	0.931211	0	-5.34193	2.45922	0
8.38	1	3e-06	0.371131	0.980395	0	-5.57782	1.81798	0
8.4	1	3e-06	0.259575	1.01675	0	-5.74185	1.15743	0
8.42	1	3e-06	0.144738	1.0399	0	-5.833	0.484505	0
8.44	1	3e-06	0.0280779	1.04959	0	-5.85066	-0.193871	0
8.46	1	3e-06	-0.0889353	1.04572	0	-5.79463	-0.870792	0
8.48	1	3e-06	-0.204828	1.0283	0	-5.6651	-1.53931	0
8.5	1	3e-06	-0.31813	0.997514	0	-5.46268	-2.19242	0
8.52	1	3e-06	-0.427384	0.953666	0	-5.18842	-2.82299	0
8.54	1	3e-06	-0.531152	0.897206	0	-4.8439	-3.42378	0
8.56	1	3e-06	-0.62803	0.82873	0	-4.43126	-3.98742	0
8.58	1	3e-06	-0.716655	0.748982	0	-3.95332	-4.50638	0
8.6	1	3e-06	-0.795722	0.658854	0	-3.41365	-4.97306	0
8.62	1	3e-06	-0.863995	0.559393	0	-2.81671	-5.37981	0
8.64	1	3e-06	-0.920329	0.451797	0	-2.16796	-5.719	0
8.66	1	3e-06	-0.963688	0.337417	0	-1.47398	-5.9832	0
8.68	1	3e-06	-0.993168	0.217753	0	-0.742561	-6.1653	0
8.7	1	3e-06	-1.00802	0.0944469	0	0.0171749	-6.25879	0
8.72	1	3e-06	-1.00768	-0.0307289	0	0.79476	-6.25796	0
8.74	1	3e-06	-0.99178	-0.155888	0	1.57837	-6.15828	0
8.76	1	3e-06	-0.960213	-0.279054	0	2.35493	-5.9567	0
8.78	1	3e-06	-0.913114	-0.398188	0	3.11026	-5.65202	0
8.8	1	3e-06	-0.850909	-0.511228	0	3.82937	-5.24527	0
8.82	1	3e-06	-0.774322	-0.616134	0	4.49687	-4.74	0
8.84	1	3e-06	-0.684384	-0.710934	0	5.09749	-4.14247	0
8.86	1	3e-06	-0.582434	-0.793783	0	5.61661	-3.46184	0
8.88	1	3e-06	-0.470102	-0.86302	0	6.04098	-2.71003	0
8.9	1	3e-06	-0.349283	-0.91722	0	6.35937	-1.90154	0
8.92	1	3e-06	-0.222095	-0.955251	0	6.56313	-1.053	0
8.94	1	3e-06	-0.0908326	-0.976311	0	6.64671	-0.1826	0
8.96	1	3e-06	0.0421015	-0.979963	0	6.60799	0.69064	0
8.98	1	3e-06	0.174261	-0.96615	0	6.44836	1.54766	0
9	1	3e-06	0.303229	-0.935197	0	6.17266	2.37013	0
9.02	1	3e-06	0.426682	-0.887795	0	5.78882	3.14118	0
9.04	1	3e-06	0.542458	-0.824971	0	5.30741	3.84601	0
9.06	1	3e-06	0.648606	-0.748051	0	4.74108	4.47227	0
9.08	1	3e-06	0.743428	-0.658605	0	4.10384	5.01033	0
9.1	1	3e-06	0.825505	-0.558399	0	3.41052	5.45332	0
9.12	1	3e-06	0.893715	-0.449332	0	2.6761	5.79707	0
9.14	1	3e-06	0.947237	-0.333391	0	1.91526	6.03988	0
9.16	1	3e-06	0.985542	-0.212593	0	1.142	6.18223	0
9.18	1	3e-06	1.00838	-0.0889488	0	0.369307	6.22646	0
9.2	1	3e-06	1.01577	0.0355804	0	-0.390989	6.17641	0
9.22	1	3e-06	1.00795	0.159109	0	-1.12831	6.03707	0
9.24	1	3e-06	0.985383	0.27985	0	-1.83335	5.81435	0
9.26	1	3e-06	0.948716	0.396137	0	-2.49804	5.51474	0
9.28	1	3e-06	0.898755	0.506432	0	-3.11549	5.14513	0
9.3	1	3e-06	0.836445	0.609334	0	-3.67985	4.71266	0
9.32	1	3e-06	0.762848	0.703588	0	-4.18625	4.22455	0
9.34	1	3e-06	0.679123	0.788079	0	-4.63066	3.68805	0
9.36	1	3e-06	0.586509	0.86184	0	-5.0098	3.11035	0
9.38	1	3e-06	0.486314	0.924047	0	-5.32101	2.49859	0
9.4	1	3e-06	0.379893	0.974018	0	-5.56223	1.85981	0
9.42	1	3e-06	0.268649	1.01121	0	-5.73189	1.20097	0
9.44	1	3e-06	0.154011	1.03523	0	-5.82885	0.528995	0
9.46	1	3e-06	0.0374337	1.04581	0	-5.8524	-0.149224	0
9.48	1	3e-06	-0.0796143	1.04283	0	-5.80223	-0.826781	0
9.5	1	3e-06	-0.195659	1.02629	0	-5.67841	-1.49672	0
9.52	1	3e-06	-0.309227	0.996359	0	-5.48144	-2.15199	0
9.54	1	3e-06	-0.418856	0.95332	0	-5.21229	-2.78544	0
9.56	1	3e-06	-0.523102	0.897611	0	-4.87241	-3.38977	0
9.58	1	3e-06	-0.62055	0.829815	0	-4.46388	-3.95753	0
9.6	1	3e-06	-0.709827	0.750665	0	-3.98942	-4.48111	0
9.62	1	3e-06	-0.789616	0.661042	0	-3.45255	-4.95282	0
9.64	1	3e-06	-0.858667	0.561986	0	-2.85766	-5.36489	0
9.66	1	3e-06	-0.91582	0.454688	0	-2.21019	-5.70958	0
9.68	1	3e-06	-0.960024	0.340497	0	-1.5167	-5.97933	0
9.7	1	3e-06	-0.990358	0.22091	0	-0.785003	-6.16693	0
9.72	1	3e-06	-1.00606	0.0975716	0	-0.0242374	-6.26571	0
9.74	1	3e-06	-1.00654	-0.0277427	0	0.755066	-6.26989	0
9.76	1	3e-06	-0.991442	-0.153141	0	1.54101	-6.17481	0
9.78	1	3e-06	-0.960621	-0.276637	0	2.32041	-5.97736	0
9.8	1	3e-06	-0.914213	-0.396184	0	3.07899	-5.67629	0
9.82	1	3e-06	-0.852633	-0.50971	0	3.80165	-5.27259	0
9.84	1	3e-06	-0.7766	-0.615162	0	4.4729	-4.76982	0
9.86	1	3e-06	-0.687142	-0.710558	0	5.07734	-4.17429	0
9.88	1	3e-06	-0.585596	-0.794044	0	5.60031	-3.49519	0
9.9	1	3e-06	-0.473589	-0.863947	0	6.0285	-2.74451	0
9.92	1	3e-06	-0.353019	-0.918838	0	6.35065	-1.93682	0
9.94	1	3e-06	-0.226006	-0.957574	0	6.55812	-1.0888	0
9.96	1	3e-06	-0.094844	-0.97935	0	6.64541	-0.218686	0
9.98	1	3e-06	0.0380642	-0.983724	0	6.61041	0.654503	0
10	1	3e-06	0.170272	-0.970634	0	6.45458	1.51172	0
10.02	1	3e-06	0.299364	-0.940399	0	6.18274	2.33468	0
10.04	1	3e-06	0.423019	-0.893706	0	5.80286	3.10658	0
10.06	1	3e-06	0.539076	-0.831574	0	5.32547	3.81267	0
10.08	1	3e-06	0.645585	-0.755321	0	4.76317	4.44069	0
10.1	1	3e-06	0.740849	-0.666507	0	4.1299	4.98104	0
10.12	1	3e-06	0.823447	-0.566886	0	3.44037	5.4269	0
10.14	1	3e-06	0.892254	-0.458348	0	2.70947	5.7741	0
10.16	1	3e-06	0.946444	-0.342866	0	1.95175	6.02092	0
10.18	1	3e-06	0.985479	-0.222448	0	1.18111	6.16779	0
10.2	1	3e-06	1.0091	-0.0990922	0	0.410431	6.21696	0
10.22	1	3e-06	1.01731	0.0252471	0	-0.348531	6.17218	0
10.24	1	3e-06	1.01034	0.148691	0	-1.08526	6.03836	0
10.26	1	3e-06	0.988634	0.269458	0	-1.79048	5.82124	0
10.28	1	3e-06	0.952824	0.385883	0	-2.45615	5.52722	0
10.3	1	3e-06	0.903701	0.496427	0	-3.07536	5.16306	0
10.32	1	3e-06	0.842194	0.599688	0	-3.64224	4.73577	0
10.34	1	3e-06	0.769349	0.694404	0	-4.15187	4.25249	0
10.36	1	3e-06	0.686312	0.779453	0	-4.60015	3.72034	0
10.38	1	3e-06	0.594309	0.85386	0	-4.98373	3.14645	0
10.4	1	3e-06	0.494634	0.916789	0	-5.29987	2.53786	0
10.42	1	3e-06	0.388637	0.967546	0	-5.54642	1.90156	0
10.44	1	3e-06	0.277708	1.00558	0	-5.7217	1.24447	0
10.46	1	3e-06	0.163274	1.03047	0	-5.82447	0.573463	0
10.48	1	3e-06	0.0467849	1.04194	0	-5.85391	-0.104571	0
10.5	1	3e-06	-0.0702932	1.03984	0	-5.80959	-0.782734	0
10.52	1	3e-06	-0.186485	1.02419	0	-5.69148	-1.45406	0
10.54	1	3e-06	-0.300314	0.995109	0	-5.49998	-2.11147	0
10.56	1	3e-06	-0.410314	0.952879	0	-5.23594	-2.74778	0
10.58	1	3e-06	-0.515033	0.897924	0	-4.90073	-3.35562	0
10.6	1	3e-06	-0.613047	0.830811	0	-4.49632	-3.92748	0
10.62	1	3e-06	-0.702974	0.752262	0	-4.02536	-4.45566	0
10.64	1	3e-06	-0.783481	0.663148	0	-3.4913	-4.93238	0
10.66	1	3e-06	-0.853307	0.564501	0	-2.89849	-5.34975	0
10.68	1	3e-06	-0.911277	0.457506	0	-2.25232	-5.69993	0
10.7	1	3e-06	-0.956324	0.343507	0	-1.55935	-5.97522	0
10.72	1	3e-06	-0.987511	0.224003	0	-0.827388	-6.1683	0
10.74	1	3e-06	-1.00406	0.100637	0	-0.0656194	-6.27237	0
10.76	1	3e-06	-1.00537	-0.0248105	0	0.715374	-6.28154	0
10.78	1	3e-06	-0.991063	-0.150441	0	1.50362	-6.19107	0
10.8	1	3e-06	-0.960991	-0.274263	0	2.28583	-5.99774	0
10.82	1	3e-06	-0.915274	-0.394217	0	3.04763	-5.70027	0
10.84	1	3e-06	-0.854322	-0.508223	0	3.7738	-5.29963	0
10.86	1	3e-06	-0.778846	-0.614216	0	4.44874	-4.79938	0
10.88	1	3e-06	-0.689871	-0.710203	0	5.05697	-4.20587	0
10.9	1	3e-06	-0.588731	-0.794321	0	5.58375	-3.52833	0
10.92	1	3e-06	-0.477056	-0.864887	0	6.01572	-2.77883	0
10.94	1	3e-06	-0.356742	-0.920464	0	6.34161	-1.97198	0
10.96	1	3e-06	-0.22991	-0.959903	0	6.55278	-1.12454	0
10.98	1	3e-06	-0.0988543	-0.982394	0	6.64377	-0.254765	0
11	1	3e-06	0.0340211	-0.98749	0	6.6125	0.618318	0
11.02	1	3e-06	0.166271	-0.975123	0	6.46046	1.47568	0
11.04	1	3e-06	0.29548	-0.94561	0	6.19253	2.29908	0
11.06	1	3e-06	0.419331	-0.899628	0	5.81663	3.07178	0
11.08	1	3e-06	0.535664	-0.838192	0	5.34331	3.77911	0
11.1	1	3e-06	0.64253	-0.76261	0	4.78507	4.40886	0
11.12	1	3e-06	0.738231	-0.674433	0	4.1558	4.95149	0
11.14	1	3e-06	0.821347	-0.575403	0	3.47011	5.40021	0
11.16	1	3e-06	0.890749	-0.467399	0	2.74275	5.75086	0
11.18	1	3e-06	0.945604	-0.352382	0	1.9882	6.00169	0
11.2	1	3e-06	0.985368	-0.232348	0	1.2202	6.15308	0
11.22	1	3e-06	1.00977	-0.109286	0	0.451563	6.2072	0
11.24	1	3e-06	1.0188	0.0148576	0	-0.306039	6.16771	0
11.26	1	3e-06	1.01268	0.138212	0	-1.04215	6.03939	0
11.28	1	3e-06	0.99184	0.259	0	-1.74753	5.82789	0
11.3	1	3e-06	0.956889	0.375557	0	-2.41416	5.53947	0
11.32	1	3e-06	0.908606	0.486347	0	-3.0351	5.18077	0
11.34	1	3e-06	0.847904	0.589962	0	-3.60448	4.75869	0
11.36	1	3e-06	0.775814	0.685136	0	-4.11731	4.28025	0
11.38	1	3e-06	0.693468	0.770741	0	-4.56944	3.75248	0
11.4	1	3e-06	0.602079	0.84579	0	-4.95745	3.18241	0
11.42	1	3e-06	0.50293	0.909439	0	-5.27852	2.57702	0
11.44	1	3e-06	0.39736	0.960979	0	-5.53039	1.94323	0
11.46	1	3e-06	0.286752	0.999844	0	-5.71127	1.28791	0
11.48	1	3e-06	0.172527	1.0256	0	-5.81985	0.617907	0
11.5	1	3e-06	0.0561297	1.03796	0	-5.85517	-0.0599121	0
11.52	1	3e-06	-0.0609736	1.03676	0	-5.8167	-0.738652	0
11.54	1	3e-06	-0.177308	1.02199	0	-5.70432	-1.41134	0
11.56	1	3e-06	-0.291394	0.993762	0	-5.51829	-2.07087	0
11.58	1	3e-06	-0.40176	0.952345	0	-5.25938	-2.71	0
11.6	1	3e-06	-0.506948	0.898145	0	-4.92885	-3.32133	0
11.62	1	3e-06	-0.605524	0.831718	0	-4.52858	-3.89726	0
11.64	1	3e-06	-0.696096	0.753773	0	-4.06114	-4.43003	0
11.66	1	3e-06	-0.777319	0.665172	0	-3.52991	-4.91174	0
11.68	1	3e-06	-0.847917	0.566937	0	-2.9392	-5.3344	0
11.7	1	3e-06	-0.906701	0.460249	0	-2.29435	-5.69004	0
11.72	1	3e-06	-0.952588	0.346449	0	-1.60191	-5.97087	0
11.74	1	3e-06	-0.984626	0.227031	0	-0.869716	-6.16941	0
11.76	1	3e-06	-1.00202	0.103643	0	-0.106968	-6.27877	0
11.78	1	3e-06	-1.00416	-0.0219324	0	0.675687	-6.29292	0
11.8	1	3e-06	-0.990646	-0.147791	0	1.4662	-6.20704	0
11.82	1	3e-06	-0.961322	-0.271932	0	2.25119	-6.01783	0
11.84	1	3e-06	-0.916299	-0.392288	0	3.01617	-5.72397	0
11.86	1	3e-06	-0.855975	-0.506768	0	3.74581	-5.3264	0
11.88	1	3e-06	-0.781059	-0.613296	0	4.42441	-4.82869	0
11.9	1	3e-06	-0.692571	-0.709869	0	5.03639	-4.23721	0
11.92	1	3e-06	-0.591843	-0.794614	0	5.56693	-3.56127	0
11.94	1	3e-06	-0.480505	-0.865839	0	6.00265	-2.81298	0
11.96	1	3e-06	-0.360452	-0.922098	0	6.33225	-2.00703	0
11.98	1	3e-06	-0.233807	-0.962239	0	6.54711	-1.16022	0
12	1	3e-06	-0.102865	-0.985443	0	6.64178	-0.290835	0
12.02	1	3e-06	0.0299711	-0.99126	0	6.61425	0.582084	0
12.04	1	3e-06	0.162256	-0.979618	0	6.46603	1.43954	0
12.06	1	3e-06	0.291577	-0.950828	0	6.20201	2.26333	0
12.08	1	3e-06	0.415617	-0.905561	0	5.83014	3.0368	0
12.1	1	3e-06	0.53222	-0.844825	0	5.36091	3.74533	0
12.12	1	3e-06	0.639438	-0.769918	0	4.80678	4.37678	0
12.14	1	3e-06	0.735574	-0.682383	0	4.18155	4.92168	0
12.16	1	3e-06	0.819205	-0.583949	0	3.49973	5.37326	0
12.18	1	3e-06	0.889199	-0.476484	0	2.77596	5.72735	0
12.2	1	3e-06	0.944718	-0.361937	0	2.02459	5.98219	0
12.22	1	3e-06	0.98521	-0.242293	0	1.25927	6.1381	0
12.24	1	3e-06	1.0104	-0.119531	0	0.492701	6.19718	0
12.26	1	3e-06	1.02025	0.00441224	0	-0.263515	6.16298	0
12.28	1	3e-06	1.01498	0.127672	0	-0.998982	6.04018	0
12.3	1	3e-06	0.994999	0.248475	0	-1.70451	5.83431	0
12.32	1	3e-06	0.960909	0.365161	0	-2.37206	5.55149	0
12.34	1	3e-06	0.913468	0.476191	0	-2.99472	5.19827	0
12.36	1	3e-06	0.853574	0.580157	0	-3.56657	4.78142	0
12.38	1	3e-06	0.782242	0.675785	0	-4.08258	4.30783	0
12.4	1	3e-06	0.700591	0.761942	0	-4.53856	3.78446	0
12.42	1	3e-06	0.609819	0.837631	0	-4.93098	3.21824	0
12.44	1	3e-06	0.5112	0.901996	0	-5.25695	2.61607	0
12.46	1	3e-06	0.406061	0.954317	0	-5.51412	1.98481	0
12.48	1	3e-06	0.295778	0.994013	0	-5.70061	1.33129	0
12.5	1	3e-06	0.181766	1.02064	0	-5.81498	0.662325	0
12.52	1	3e-06	0.0654665	1.03389	0	-5.85619	-0.0152494	0
12.54	1	3e-06	-0.0516573	1.03358	0	-5.82358	-0.694538	0
12.56	1	3e-06	-0.168129	1.01969	0	-5.71692	-1.36855	0
12.58	1	3e-06	-0.282467	0.992319	0	-5.53638	-2.03017	0
12.6	1	3e-06	-0.393195	0.951716	0	-5.28261	-2.67211	0
12.62	1	3e-06	-0.498847	0.898273	0	-4.95677	-3.2869	0
12.64	1	3e-06	-0.597983	0.832535	0	-4.56065	-3.86689	0
12.66	1	3e-06	-0.689196	0.755198	0	-4.09675	-4.40422	0
12.68	1	3e-06	-0.771131	0.667113	0	-3.56837	-4.8909	0
12.7	1	3e-06	-0.842498	0.569295	0	-2.97977	-5.31883	0
12.72	1	3e-06	-0.902094	0.462919	0	-2.33627	-5.67993	0
12.74	1	3e-06	-0.948819	0.34932	0	-1.64439	-5.96628	0
12.76	1	3e-06	-0.981707	0.229995	0	-0.911982	-6.17027	0
12.78	1	3e-06	-0.999946	0.106589	0	-0.148282	-6.2849	0
12.8	1	3e-06	-1.00291	-0.0191087	0	0.636008	-6.30403	0
12.82	1	3e-06	-0.990192	-0.145189	0	1.42876	-6.22272	0
12.84	1	3e-06	-0.961617	-0.269644	0	2.21649	-6.03764	0
12.86	1	3e-06	-0.917287	-0.390396	0	2.98461	-5.74738	0
12.88	1	3e-06	-0.857595	-0.505344	0	3.71768	-5.35289	0
12.9	1	3e-06	-0.783241	-0.612402	0	4.39989	-4.85773	0
12.92	1	3e-06	-0.695243	-0.709556	0	5.01558	-4.26831	0
12.94	1	3e-06	-0.594932	-0.794923	0	5.54985	-3.594	0
12.96	1	3e-06	-0.483935	-0.866803	0	5.98928	-2.84696	0
12.98	1	3e-06	-0.364149	-0.923742	0	6.32256	-2.04196	0
13	1	3e-06	-0.237698	-0.964581	0	6.5411	-1.19583	0
13.02	1	3e-06	-0.106876	-0.988498	0	6.63946	-0.326897	0
13.04	1	3e-06	0.0259132	-0.995036	0	6.61567	0.545804	0
13.06	1	3e-06	0.158227	-0.98412	0	6.47128	1.4033	0
13.08	1	3e-06	0.287652	-0.956054	0	6.2112	2.22744	0
13.1	1	3e-06	0.411876	-0.911505	0	5.84338	3.00163	0
13.12	1	3e-06	0.528744	-0.851472	0	5.37828	3.71133	0
13.14	1	3e-06	0.636309	-0.777245	0	4.8283	4.34447	0
13.16	1	3e-06	0.732875	-0.690356	0	4.20715	4.89162	0
13.18	1	3e-06	0.817018	-0.592524	0	3.52923	5.34604	0
13.2	1	3e-06	0.887603	-0.485603	0	2.80908	5.70357	0
13.22	1	3e-06	0.943784	-0.371532	0	2.06092	5.96242	0
13.24	1	3e-06	0.985003	-0.252283	0	1.29831	6.12285	0
13.26	1	3e-06	1.01097	-0.129826	0	0.533843	6.18689	0
13.28	1	3e-06	1.02165	-0.00608843	0	-0.220962	6.15799	0
13.3	1	3e-06	1.01723	0.117071	0	-0.955763	6.04072	0
13.32	1	3e-06	0.998111	0.237886	0	-1.6614	5.84048	0
13.34	1	3e-06	0.964883	0.354695	0	-2.32986	5.5633	0
13.36	1	3e-06	0.918286	0.465961	0	-2.95422	5.21556	0
13.38	1	3e-06	0.859201	0.570273	0	-3.52852	4.80394	0
13.4	1	3e-06	0.788631	0.666351	0	-4.0477	4.33523	0
13.42	1	3e-06	0.707677	0.753056	0	-4.50749	3.81628	0
13.44	1	3e-06	0.617528	0.829382	0	-4.9043	3.25393	0
13.46	1	3e-06	0.519441	0.89446	0	-5.23517	2.65501	0
13.48	1	3e-06	0.414738	0.94756	0	-5.49763	2.02631	0
13.5	1	3e-06	0.304785	0.988087	0	-5.68972	1.37462	0
13.52	1	3e-06	0.190991	1.01558	0	-5.80988	0.706716	0
13.54	1	3e-06	0.0747935	1.02971	0	-5.85697	0.0294155	0
13.56	1	3e-06	-0.0423459	1.0303	0	-5.83023	-0.650392	0
13.58	1	3e-06	-0.15895	1.01729	0	-5.7293	-1.32571	0
13.6	1	3e-06	-0.273536	0.99078	0	-5.55425	-1.98938	0
13.62	1	3e-06	-0.384621	0.950992	0	-5.30562	-2.6341	0
13.64	1	3e-06	-0.490734	0.89831	0	-4.98448	-3.25233	0
13.66	1	3e-06	-0.590423	0.833264	0	-4.59254	-3.83635	0
13.68	1	3e-06	-0.682274	0.756537	0	-4.13219	-4.37823	0
13.7	1	3e-06	-0.764918	0.668972	0	-3.60669	-4.86986	0
13.72	1	3e-06	-0.837052	0.571575	0	-3.02022	-5.30305	0
13.74	1	3e-06	-0.897456	0.465514	0	-2.37808	-5.66959	0
13.76	1	3e-06	-0.945018	0.352122	0	-1.68678	-5.96144	0
13.78	1	3e-06	-0.978753	0.232893	0	-0.954184	-6.17087	0
13.8	1	3e-06	-0.997837	0.109476	0	-0.189557	-6.29076	0
13.82	1	3e-06	-1.00163	-0.0163393	0	0.596338	-6.31485	0
13.84	1	3e-06	-0.989701	-0.142636	0	1.39129	-6.23813	0
13.86	1	3e-06	-0.961876	-0.267399	0	2.18173	-6.05716	0
13.88	1	3e-06	-0.918241	-0.388542	0	2.95296	-5.77051	0
13.9	1	3e-06	-0.859182	-0.503952	0	3.68942	-5.3791	0
13.92	1	3e-06	-0.785393	-0.611534	0	4.3752	-4.8865	0
13.94	1	3e-06	-0.697889	-0.709264	0	4.99455	-4.29917	0
13.96	1	3e-06	-0.597998	-0.795248	0	5.53251	-3.62652	0
13.98	1	3e-06	-0.487348	-0.867778	0	5.97562	-2.88078	0
14	1	3e-06	-0.367836	-0.925394	0	6.31256	-2.07677	0
14.02	1	3e-06	-0.241584	-0.966929	0	6.53475	-1.23138	0
14.04	1	3e-06	-0.110889	-0.991557	0	6.63679	-0.362951	0
14.06	1	3e-06	0.0218463	-0.998816	0	6.61674	0.509476	0
14.08	1	3e-06	0.154181	-0.988626	0	6.4762	1.36696	0
14.1	1	3e-06	0.283705	-0.961287	0	6.22009	2.1914	0
14.12	1	3e-06	0.408107	-0.917459	0	5.85635	2.96628	0
14.14	1	3e-06	0.525234	-0.858133	0	5.39542	3.67712	0
14.16	1	3e-06	0.633142	-0.784591	0	4.84962	4.31192	0
14.18	1	3e-06	0.730135	-0.698353	0	4.23258	4.8613	0
14.2	1	3e-06	0.814787	-0.601127	0	3.5586	5.31855	0
14.22	1	3e-06	0.885959	-0.494756	0	2.84211	5.67952	0
14.24	1	3e-06	0.942801	-0.381165	0	2.09721	5.94238	0
14.26	1	3e-06	0.984745	-0.262318	0	1.33733	6.10734	0
14.28	1	3e-06	1.01149	-0.140171	0	0.574986	6.17634	0
14.3	1	3e-06	1.02299	-0.016644	0	-0.178382	6.15275	0
14.32	1	3e-06	1.01942	0.106411	0	-0.912492	6.04101	0
14.34	1	3e-06	1.00117	0.227231	0	-1.61822	5.84642	0
14.36	1	3e-06	0.968809	0.34416	0	-2.28757	5.57487	0
14.38	1	3e-06	0.923058	0.455657	0	-2.91359	5.23264	0
14.4	1	3e-06	0.864786	0.56031	0	-3.49032	4.82627	0
14.42	1	3e-06	0.79498	0.656835	0	-4.01265	4.36246	0
14.44	1	3e-06	0.714727	0.744085	0	-4.47623	3.84794	0
14.46	1	3e-06	0.625202	0.821043	0	-4.87743	3.28948	0
14.48	1	3e-06	0.527653	0.886833	0	-5.21317	2.69384	0
14.5	1	3e-06	0.42339	0.94071	0	-5.48092	2.06773	0
14.52	1	3e-06	0.313772	0.982064	0	-5.67859	1.41789	0
14.54	1	3e-06	0.2002	1.01042	0	-5.80454	0.751079	0
14.56	1	3e-06	0.0841092	1.02544	0	-5.85751	0.074081	0
14.58	1	3e-06	-0.033041	1.02693	0	-5.83663	-0.606216	0
14.6	1	3e-06	-0.149774	1.0148	0	-5.74143	-1.2828	0
14.62	1	3e-06	-0.264602	0.989145	0	-5.57188	-1.94851	0
14.64	1	3e-06	-0.37604	0.950175	0	-5.32841	-2.59598	0
14.66	1	3e-06	-0.482608	0.898255	0	-5.012	-3.21763	0
14.68	1	3e-06	-0.582848	0.833903	0	-4.62424	-3.80566	0
14.7	1	3e-06	-0.675333	0.757789	0	-4.16746	-4.35206	0
14.72	1	3e-06	-0.758682	0.670748	0	-3.64485	-4.84862	0
14.74	1	3e-06	-0.831579	0.573776	0	-3.06053	-5.28705	0
14.76	1	3e-06	-0.89279	0.468035	0	-2.41978	-5.65902	0
14.78	1	3e-06	-0.941185	0.354854	0	-1.72909	-5.95636	0
14.8	1	3e-06	-0.975767	0.235727	0	-0.996319	-6.17122	0
14.82	1	3e-06	-0.995693	0.112303	0	-0.230792	-6.29636	0
14.84	1	3e-06	-1.00031	-0.0136243	0	0.55668	-6.3254	0
14.86	1	3e-06	-0.989176	-0.140132	0	1.35381	-6.25325	0
14.88	1	3e-06	-0.9621	-0.265197	0	2.14692	-6.07639	0
14.9	1	3e-06	-0.919161	-0.386725	0	2.92121	-5.79335	0
14.92	1	3e-06	-0.860737	-0.502592	0	3.66102	-5.40503	0
14.94	1	3e-06	-0.787517	-0.610693	0	4.35033	-4.91501	0
14.96	1	3e-06	-0.70051	-0.708993	0	4.9733	-4.32979	0
14.98	1	3e-06	-0.601044	-0.795589	0	5.51491	-3.65883	0
15	1	3e-06	-0.490746	-0.868765	0	5.96167	-2.91443	0
15.02	1	3e-06	-0.371512	-0.927054	0	6.30224	-2.11146	0
15.04	1	3e-06	-0.245467	-0.969283	0	6.52806	-1.26686	0
15.06	1	3e-06	-0.114906	-0.99462	0	6.63377	-0.398996	0
15.08	1	3e-06	0.0177694	-1.0026	0	6.61748	0.473101	0
15.1	1	3e-06	0.150119	-0.993138	0	6.48081	1.33052	0
15.12	1	3e-06	0.279735	-0.966528	0	6.22869	2.15522	0
15.14	1	3e-06	0.404309	-0.923424	0	5.86906	2.93074	0
15.16	1	3e-06	0.52169	-0.864809	0	5.41232	3.64269	0
15.18	1	3e-06	0.629937	-0.791955	0	4.87075	4.27913	0
15.2	1	3e-06	0.727352	-0.706372	0	4.25786	4.83073	0
15.22	1	3e-06	0.812509	-0.609758	0	3.58786	5.29081	0
15.24	1	3e-06	0.884266	-0.503942	0	2.87505	5.65521	0
15.26	1	3e-06	0.941767	-0.390837	0	2.13343	5.92208	0
15.28	1	3e-06	0.984436	-0.272396	0	1.37632	6.09156	0
15.3	1	3e-06	1.01196	-0.150565	0	0.616127	6.16553	0
15.32	1	3e-06	1.02428	-0.0272539	0	-0.135779	6.14725	0
15.34	1	3e-06	1.02157	0.0956912	0	-0.869173	6.04106	0
15.36	1	3e-06	1.00419	0.216512	0	-1.57497	5.85213	0
15.38	1	3e-06	0.972686	0.333555	0	-2.24518	5.58622	0
15.4	1	3e-06	0.927783	0.445279	0	-2.87285	5.2495	0
15.42	1	3e-06	0.870326	0.550269	0	-3.45199	4.8484	0
15.44	1	3e-06	0.801286	0.647237	0	-3.97743	4.3895	0
15.46	1	3e-06	0.721737	0.735027	0	-4.4448	3.87944	0
15.48	1	3e-06	0.632841	0.812616	0	-4.85036	3.3249	0
15.5	1	3e-06	0.535834	0.879114	0	-5.19096	2.73255	0
15.52	1	3e-06	0.432015	0.933765	0	-5.46397	2.10906	0
15.54	1	3e-06	0.322735	0.975946	0	-5.66723	1.46111	0
15.56	1	3e-06	0.209391	1.00517	0	-5.79896	0.795411	0
15.58	1	3e-06	0.0934118	1.02108	0	-5.8578	0.118745	0
15.6	1	3e-06	-0.0237443	1.02345	0	-5.84279	-0.562011	0
15.62	1	3e-06	-0.1406	1.01221	0	-5.75334	-1.23984	0
15.64	1	3e-06	-0.255667	0.987414	0	-5.58929	-1.90756	0
15.66	1	3e-06	-0.367453	0.949263	0	-5.35099	-2.55775	0
15.68	1	3e-06	-0.474473	0.898108	0	-5.03931	-3.18279	0
15.7	1	3e-06	-0.575259	0.834452	0	-4.65575	-3.77481	0
15.72	1	3e-06	-0.668374	0.758956	0	-4.20256	-4.32571	0
15.74	1	3e-06	-0.752425	0.672442	0	-3.68285	-4.82719	0
15.76	1	3e-06	-0.826082	0.575898	0	-3.10071	-5.27084	0
15.78	1	3e-06	-0.888096	0.470481	0	-2.46136	-5.64823	0
15.8	1	3e-06	-0.937324	0.357517	0	-1.7713	-5.95104	0
15.82	1	3e-06	-0.972749	0.238496	0	-1.03839	-6.17131	0
15.84	1	3e-06	-0.993517	0.11507	0	-0.271983	-6.30168	0
15.86	1	3e-06	-0.998957	-0.010964	0	0.517037	-6.33568	0
15.88	1	3e-06	-0.988616	-0.137677	0	1.3163	-6.26808	0
15.9	1	3e-06	-0.96229	-0.263039	0	2.11206	-6.09533	0
15.92	1	3e-06	-0.920049	-0.384946	0	2.88937	-5.8159	0
15.94	1	3e-06	-0.862262	-0.501264	0	3.63249	-5.43067	0
15.96	1	3e-06	-0.789612	-0.609877	0	4.32528	-4.94325	0
15.98	1	3e-06	-0.703106	-0.708742	0	4.95183	-4.36017	0
16	1	3e-06	-0.60407	-0.795946	0	5.49706	-3.69093	0
16.02	1	3e-06	-0.494128	-0.869764	0	5.94742	-2.94791	0
16.04	1	3e-06	-0.37518	-0.928722	0	6.2916	-2.14603	0
16.06	1	3e-06	-0.249348	-0.971643	0	6.52104	-1.30228	0
16.08	1	3e-06	-0.118927	-0.997689	0	6.63042	-0.435032	0
16.1	1	3e-06	0.0136812	-1.00639	0	6.61789	0.43668	0
16.12	1	3e-06	0.146039	-0.997656	0	6.48509	1.29398	0
16.14	1	3e-06	0.275741	-0.971776	0	6.23699	2.11889	0
16.16	1	3e-06	0.400481	-0.929398	0	5.88151	2.89502	0
16.18	1	3e-06	0.518111	-0.871498	0	5.429	3.60805	0
16.2	1	3e-06	0.626691	-0.799337	0	4.89168	4.24611	0
16.22	1	3e-06	0.724524	-0.714415	0	4.28299	4.79991	0
16.24	1	3e-06	0.810184	-0.618416	0	3.617	5.26281	0
16.26	1	3e-06	0.882524	-0.51316	0	2.90791	5.63064	0
16.28	1	3e-06	0.940682	-0.400547	0	2.1696	5.90151	0
16.3	1	3e-06	0.984074	-0.282517	0	1.41527	6.07552	0
16.32	1	3e-06	1.01238	-0.161007	0	0.657264	6.15447	0
16.34	1	3e-06	1.02552	-0.0379176	0	-0.0931535	6.1415	0
16.36	1	3e-06	1.02366	0.0849125	0	-0.825807	6.04086	0
16.38	1	3e-06	1.00715	0.20573	0	-1.53164	5.85759	0
16.4	1	3e-06	0.976513	0.322881	0	-2.20269	5.59734	0
16.42	1	3e-06	0.932459	0.434828	0	-2.83199	5.26615	0
16.44	1	3e-06	0.875819	0.540151	0	-3.41351	4.87033	0
16.46	1	3e-06	0.807549	0.637558	0	-3.94206	4.41636	0
16.48	1	3e-06	0.728708	0.725885	0	-4.41319	3.91078	0
16.5	1	3e-06	0.640444	0.804101	0	-4.82309	3.36018	0
16.52	1	3e-06	0.543982	0.871304	0	-5.16854	2.77114	0
16.54	1	3e-06	0.440611	0.926727	0	-5.44681	2.1503	0
16.56	1	3e-06	0.331675	0.969733	0	-5.65563	1.50426	0
16.58	1	3e-06	0.218562	0.999818	0	-5.79314	0.83971	0
16.6	1	3e-06	0.1027	1.01661	0	-5.85786	0.163407	0
16.62	1	3e-06	-0.0144575	1.01988	0	-5.84871	-0.517781	0
16.64	1	3e-06	-0.131432	1.00952	0	-5.765	-1.19683	0
16.66	1	3e-06	-0.246732	0.985588	0	-5.60648	-1.86652	0
16.68	1	3e-06	-0.358861	0.948258	0	-5.37336	-2.51941	0
16.7	1	3e-06	-0.466328	0.89787	0	-5.06642	-3.14782	0
16.72	1	3e-06	-0.567657	0.834913	0	-4.68707	-3.74381	0
16.74	1	3e-06	-0.661398	0.760037	0	-4.23749	-4.29919	0
16.76	1	3e-06	-0.746148	0.674053	0	-3.7207	-4.80557	0
16.78	1	3e-06	-0.820562	0.577942	0	-3.14075	-5.25443	0
16.8	1	3e-06	-0.883377	0.472853	0	-2.50283	-5.6372	0
16.82	1	3e-06	-0.933434	0.360109	0	-1.81341	-5.94547	0
16.84	1	3e-06	-0.969702	0.2412	0	-1.08038	-6.17115	0
16.86	1	3e-06	-0.991309	0.117777	0	-0.313129	-6.30674	0
16.88	1	3e-06	-0.997572	-0.00835812	0	0.477411	-6.34567	0
16.9	1	3e-06	-0.988024	-0.135271	0	1.27879	-6.28262	0
16.92	1	3e-06	-0.962448	-0.260924	0	2.07714	-6.11398	0
16.94	1	3e-06	-0.920905	-0.383204	0	2.85744	-5.83816	0
16.96	1	3e-06	-0.863757	-0.499967	0	3.60382	-5.45604	0
16.98	1	3e-06	-0.79168	-0.609087	0	4.30006	-4.97123	0
17	1	3e-06	-0.705679	-0.708512	0	4.93014	-4.3903	0
17.02	1	3e-06	-0.607076	-0.796318	0	5.47894	-3.72282	0
17.04	1	3e-06	-0.497498	-0.870774	0	5.93288	-2.98122	0
17.06	1	3e-06	-0.37884	-0.930399	0	6.28064	-2.18048	0
17.08	1	3e-06	-0.253227	-0.974008	0	6.51368	-1.33763	0
17.1	1	3e-06	-0.122954	-1.00076	0	6.62673	-0.471059	0
17.12	1	3e-06	0.00958093	-1.01018	0	6.61796	0.400213	0
17.14	1	3e-06	0.14194	-1.00218	0	6.48905	1.25734	0
17.16	1	3e-06	0.271721	-0.977031	0	6.24499	2.08242	0
17.18	1	3e-06	0.396621	-0.935382	0	5.89369	2.85912	0
17.2	1	3e-06	0.514495	-0.8782	0	5.44545	3.5732	0
17.22	1	3e-06	0.623404	-0.806736	0	4.91242	4.21285	0
17.24	1	3e-06	0.721652	-0.722479	0	4.30795	4.76884	0
17.26	1	3e-06	0.807811	-0.627102	0	3.646	5.23455	0
17.28	1	3e-06	0.880731	-0.522411	0	2.94067	5.6058	0
17.3	1	3e-06	0.939545	-0.410295	0	2.2057	5.88067	0
17.32	1	3e-06	0.983659	-0.292682	0	1.4542	6.05922	0
17.34	1	3e-06	1.01274	-0.171497	0	0.698394	6.14314	0
17.36	1	3e-06	1.02671	-0.0486346	0	-0.0505095	6.1355	0
17.38	1	3e-06	1.0257	0.0740754	0	-0.782398	6.04041	0
17.4	1	3e-06	1.01005	0.194884	0	-1.48825	5.86282	0
17.42	1	3e-06	0.980287	0.31214	0	-2.16011	5.60823	0
17.44	1	3e-06	0.937085	0.424305	0	-2.79102	5.28258	0
17.46	1	3e-06	0.881265	0.529956	0	-3.3749	4.89206	0
17.48	1	3e-06	0.813767	0.627797	0	-3.90653	4.44304	0
17.5	1	3e-06	0.735636	0.716658	0	-4.3814	3.94195	0
17.52	1	3e-06	0.648008	0.795497	0	-4.79563	3.39531	0
17.54	1	3e-06	0.552095	0.863403	0	-5.14591	2.80962	0
17.56	1	3e-06	0.449177	0.919596	0	-5.42942	2.19144	0
17.58	1	3e-06	0.340589	0.963425	0	-5.6438	1.54735	0
17.6	1	3e-06	0.227713	0.994372	0	-5.78708	0.883977	0
17.62	1	3e-06	0.111971	1.01205	0	-5.85768	0.208064	0
17.64	1	3e-06	-0.00518222	1.01621	0	-5.85439	-0.473526	0
17.66	1	3e-06	-0.12227	1.00674	0	-5.77643	-1.15376	0
17.68	1	3e-06	-0.237799	0.983667	0	-5.62343	-1.8254	0
17.7	1	3e-06	-0.350267	0.947159	0	-5.3955	-2.48097	0
17.72	1	3e-06	-0.458177	0.897539	0	-5.09332	-3.11272	0
17.74	1	3e-06	-0.560044	0.835285	0	-4.7182	-3.71265	0
17.76	1	3e-06	-0.654408	0.761032	0	-4.27224	-4.27249	0
17.78	1	3e-06	-0.739853	0.675582	0	-3.75839	-4.78375	0
17.8	1	3e-06	-0.815021	0.579907	0	-3.18065	-5.2378	0
17.82	1	3e-06	-0.878634	0.475151	0	-2.54417	-5.62595	0
17.84	1	3e-06	-0.929517	0.362632	0	-1.85542	-5.93967	0
17.86	1	3e-06	-0.966626	0.243838	0	-1.1223	-6.17073	0
17.88	1	3e-06	-0.989072	0.120424	0	-0.354226	-6.31153	0
17.9	1	3e-06	-0.996156	-0.00580681	0	0.437803	-6.35538	0
17.92	1	3e-06	-0.9874	-0.132914	0	1.24125	-6.29688	0
17.94	1	3e-06	-0.962575	-0.258852	0	2.04217	-6.13233	0
17.96	1	3e-06	-0.921732	-0.381499	0	2.82542	-5.86012	0
17.98	1	3e-06	-0.865223	-0.498701	0	3.57502	-5.48111	0
18	1	3e-06	-0.793723	-0.608323	0	4.27465	-4.99893	0
18.02	1	3e-06	-0.70823	-0.708302	0	4.90823	-4.42018	0
18.04	1	3e-06	-0.610065	-0.796706	0	5.46056	-3.7545	0
18.06	1	3e-06	-0.500854	-0.871795	0	5.91804	-3.01436	0
18.08	1	3e-06	-0.382493	-0.932083	0	6.26935	-2.21481	0
18.1	1	3e-06	-0.257106	-0.976379	0	6.50599	-1.37291	0
18.12	1	3e-06	-0.126986	-1.00384	0	6.62269	-0.507076	0
18.14	1	3e-06	0.00546737	-1.01398	0	6.61769	0.363701	0
18.16	1	3e-06	0.137821	-1.0067	0	6.4927	1.22061	0
18.18	1	3e-06	0.267675	-0.982292	0	6.25271	2.04581	0
18.2	1	3e-06	0.392729	-0.941376	0	5.9056	2.82304	0
18.22	1	3e-06	0.510841	-0.884915	0	5.46167	3.53814	0
18.24	1	3e-06	0.620075	-0.814152	0	4.93296	4.17936	0
18.26	1	3e-06	0.718734	-0.730565	0	4.33275	4.73753	0
18.28	1	3e-06	0.805389	-0.635815	0	3.67489	5.20603	0
18.3	1	3e-06	0.878887	-0.531694	0	2.97334	5.5807	0
18.32	1	3e-06	0.938353	-0.42008	0	2.24174	5.85958	0
18.34	1	3e-06	0.983188	-0.302889	0	1.49309	6.04266	0
18.36	1	3e-06	1.01305	-0.182035	0	0.739515	6.13156	0
18.38	1	3e-06	1.02784	-0.0594042	0	-0.00784913	6.12924	0
18.4	1	3e-06	1.02768	0.0631806	0	-0.738948	6.03972	0
18.42	1	3e-06	1.0129	0.183975	0	-1.4448	5.8678	0
18.44	1	3e-06	0.984008	0.301331	0	-2.11745	5.61889	0
18.46	1	3e-06	0.941659	0.413709	0	-2.74993	5.29879	0
18.48	1	3e-06	0.886661	0.519685	0	-3.33615	4.91359	0
18.5	1	3e-06	0.819938	0.617956	0	-3.87085	4.46953	0
18.52	1	3e-06	0.742521	0.707347	0	-4.34943	3.97296	0
18.54	1	3e-06	0.655532	0.786806	0	-4.76797	3.4303	0
18.56	1	3e-06	0.560173	0.855412	0	-5.12306	2.84799	0
18.58	1	3e-06	0.457712	0.912372	0	-5.41181	2.2325	0
18.6	1	3e-06	0.349475	0.957022	0	-5.63174	1.59037	0
18.62	1	3e-06	0.236841	0.98883	0	-5.78078	0.928208	0
18.64	1	3e-06	0.121225	1.00739	0	-5.85725	0.252716	0
18.66	1	3e-06	0.0040799	1.01245	0	-5.85984	-0.429247	0
18.68	1	3e-06	-0.113117	1.00386	0	-5.78763	-1.11064	0
18.7	1	3e-06	-0.228869	0.98165	0	-5.64016	-1.7842	0
18.72	1	3e-06	-0.341673	0.945966	0	-5.41743	-2.44242	0
18.74	1	3e-06	-0.450021	0.897118	0	-5.12001	-3.07749	0
18.76	1	3e-06	-0.552421	0.835568	0	-4.74914	-3.68135	0
18.78	1	3e-06	-0.647404	0.761941	0	-4.30681	-4.24563	0
18.8	1	3e-06	-0.73354	0.677028	0	-3.79592	-4.76175	0
18.82	1	3e-06	-0.809459	0.581793	0	-3.22041	-5.22096	0
18.84	1	3e-06	-0.873867	0.477374	0	-2.5854	-5.61448	0
18.86	1	3e-06	-0.925575	0.365085	0	-1.89734	-5.93362	0
18.88	1	3e-06	-0.963522	0.246412	0	-1.16414	-6.17006	0
18.9	1	3e-06	-0.986805	0.123011	0	-0.395272	-6.31605	0
18.92	1	3e-06	-0.99471	-0.00331	0	0.398218	-6.36481	0
18.94	1	3e-06	-0.986746	-0.130606	0	1.20371	-6.31085	0
18.96	1	3e-06	-0.962672	-0.256823	0	2.00716	-6.15039	0
18.98	1	3e-06	-0.922529	-0.379831	0	2.79331	-5.88179	0
19	1	3e-06	-0.866662	-0.497467	0	3.54608	-5.5059	0
19.02	1	3e-06	-0.795741	-0.607585	0	4.24907	-5.02636	0
19.04	1	3e-06	-0.710759	-0.708112	0	4.88609	-4.44982	0
19.06	1	3e-06	-0.613037	-0.797108	0	5.44192	-3.78596	0
19.08	1	3e-06	-0.504199	-0.872827	0	5.90291	-3.04733	0
19.1	1	3e-06	-0.386141	-0.933774	0	6.25775	-2.24903	0
19.12	1	3e-06	-0.260986	-0.978755	0	6.49796	-1.40813	0
19.14	1	3e-06	-0.131027	-1.00692	0	6.61831	-0.543083	0
19.16	1	3e-06	0.0013395	-1.01778	0	6.61709	0.327144	0
19.18	1	3e-06	0.133681	-1.01124	0	6.49602	1.18379	0
19.2	1	3e-06	0.263602	-0.98756	0	6.26012	2.00906	0
19.22	1	3e-06	0.388804	-0.947379	0	5.91725	2.78679	0
19.24	1	3e-06	0.507149	-0.891643	0	5.47765	3.50288	0
19.26	1	3e-06	0.616702	-0.821586	0	4.95331	4.14565	0
19.28	1	3e-06	0.715769	-0.738673	0	4.35739	4.70597	0
19.3	1	3e-06	0.802916	-0.644553	0	3.70364	5.17726	0
19.32	1	3e-06	0.876989	-0.541008	0	3.00591	5.55534	0
19.34	1	3e-06	0.937107	-0.429901	0	2.27771	5.83822	0
19.36	1	3e-06	0.982662	-0.313137	0	1.53194	6.02584	0
19.38	1	3e-06	1.0133	-0.19262	0	0.780624	6.11972	0
19.4	1	3e-06	1.02891	-0.0702258	0	0.0348251	6.12273	0
19.42	1	3e-06	1.02961	0.0522288	0	-0.695459	6.03878	0
19.44	1	3e-06	1.0157	0.173004	0	-1.40128	5.87255	0
19.46	1	3e-06	0.987675	0.290455	0	-2.07469	5.62932	0
19.48	1	3e-06	0.946181	0.403042	0	-2.70873	5.31479	0
19.5	1	3e-06	0.892006	0.509338	0	-3.29727	4.93491	0
19.52	1	3e-06	0.826061	0.608036	0	-3.835	4.49583	0
19.54	1	3e-06	0.749361	0.697952	0	-4.31729	4.00381	0
19.56	1	3e-06	0.663015	0.778029	0	-4.74012	3.46515	0
19.58	1	3e-06	0.568213	0.847332	0	-5.10001	2.88623	0
19.6	1	3e-06	0.466212	0.905056	0	-5.39398	2.27346	0
19.62	1	3e-06	0.358333	0.950525	0	-5.61945	1.63333	0
19.64	1	3e-06	0.245944	0.983192	0	-5.77425	0.972402	0
19.66	1	3e-06	0.130459	1.00264	0	-5.85658	0.297359	0
19.68	1	3e-06	0.0133272	1.00859	0	-5.86504	-0.384948	0
19.7	1	3e-06	-0.103973	1.00089	0	-5.79859	-1.06747	0
19.72	1	3e-06	-0.219945	0.979539	0	-5.65665	-1.74293	0
19.74	1	3e-06	-0.333078	0.94468	0	-5.43913	-2.40377	0
19.76	1	3e-06	-0.441861	0.896605	0	-5.1465	-3.04214	0
19.78	1	3e-06	-0.544791	0.835762	0	-4.77988	-3.64989	0
19.8	1	3e-06	-0.640389	0.762764	0	-4.34121	-4.21859	0
19.82	1	3e-06	-0.727213	0.678392	0	-3.83329	-4.73955	0
19.84	1	3e-06	-0.803879	0.583601	0	-3.26003	-5.20392	0
19.86	1	3e-06	-0.869079	0.479523	0	-2.6265	-5.60278	0
19.88	1	3e-06	-0.921609	0.367468	0	-1.93915	-5.92733	0
19.9	1	3e-06	-0.960392	0.248921	0	-1.20591	-6.16913	0
19.92	1	3e-06	-0.98451	0.125538	0	-0.436265	-6.3203	0
19.94	1	3e-06	-0.993236	-0.000867599	0	0.358656	-6.37396	0
19.96	1	3e-06	-0.986062	-0.128347	0	1.16616	-6.32452	0
19.98	1	3e-06	-0.962739	-0.254837	0	1.97209	-6.16815	0
20	1	3e-06	-0.923297	-0.3782	0	2.76111	-5.90316	0
