0	1	3e-06	1	0	0	0	6.3	0
0.02	1	3e-06	0.992104	0.126	0	-0.786365	6.25027	0
0.04	1	3e-06	0.968546	0.25001	0	-1.55995	6.10188	0
0.06	1	3e-06	0.929707	0.370075	0	-2.3082	5.85737	0
0.08	1	3e-06	0.876218	0.484305	0	-3.01905	5.52095	0
0.1	1	3e-06	0.808946	0.590913	0	-3.68114	5.09835	0
0.12	1	3e-06	0.728974	0.688239	0	-4.28401	4.59672	0
0.14	1	3e-06	0.637586	0.774782	0	-4.81831	4.02449	0
0.16	1	3e-06	0.536242	0.849219	0	-5.2759	3.39116	0
0.18	1	3e-06	0.426551	0.910429	0	-5.65003	2.70713	0
0.2	1	3e-06	0.310242	0.957505	0	-5.93536	1.9835	0
0.22	1	3e-06	0.189137	0.98977	0	-6.12807	1.23185	0
0.24	1	3e-06	0.0651191	1.00678	0	-6.22586	0.464037	0
0.26	1	3e-06	-0.0598977	1.00833	0	-6.22795	-0.30801	0
0.28	1	3e-06	-0.183999	0.994461	0	-6.13502	-1.07247	0
0.3	1	3e-06	-0.305299	0.965434	0	-5.94921	-1.81783	0
0.32	1	3e-06	-0.421968	0.921748	0	-5.67398	-2.53301	0
0.34	1	3e-06	-0.532259	0.864115	0	-5.31408	-3.20755	0
0.36	1	3e-06	-0.634532	0.793447	0	-4.87541	-3.83173	0
0.38	1	3e-06	-0.727276	0.710846	0	-4.36492	-4.39664	0
0.4	1	3e-06	-0.809129	0.617581	0	-3.79048	-4.89436	0
0.42	1	3e-06	-0.878896	0.515072	0	-3.16079	-5.31795	0
0.44	1	3e-06	-0.935562	0.404863	0	-2.48521	-5.66158	0
0.46	1	3e-06	-0.978305	0.288608	0	-1.77368	-5.92054	0
0.48	1	3e-06	-1.00651	0.168041	0	-1.03653	-6.09132	0
0.5	1	3e-06	-1.01977	0.0449547	0	-0.284434	-6.1716	0
0.52	1	3e-06	-1.01789	-0.0788237	0	0.471779	-6.1603	0
0.54	1	3e-06	-1.0009	-0.201458	0	1.22123	-6.05755	0
0.56	1	3e-06	-0.969037	-0.321126	0	1.95311	-5.86474	0
0.58	1	3e-06	-0.922771	-0.436048	0	2.65681	-5.58448	0
0.6	1	3e-06	-0.862764	-0.544506	0	3.32208	-5.22056	0
0.62	1	3e-06	-0.789887	-0.64487	0	3.9391	-4.77798	0
0.64	1	3e-06	-0.705199	-0.735625	0	4.49864	-4.26283	0
0.66	1	3e-06	-0.609941	-0.815383	0	4.99219	-3.6823	0
0.68	1	3e-06	-0.505511	-0.882916	0	5.41207	-3.04459	0
0.7	1	3e-06	-0.393457	-0.937166	0	5.75157	-2.3588	0
0.72	1	3e-06	-0.275448	-0.977267	0	6.00506	-1.63487	0
0.74	1	3e-06	-0.153255	-1.00256	0	6.16809	-0.883439	0
0.76	1	3e-06	-0.0287243	-1.0126	0	6.2375	-0.115719	0
0.78	1	3e-06	0.0962456	-1.00719	0	6.21153	0.656663	0
0.8	1	3e-06	0.219737	-0.986336	0	6.08983	1.42183	0
0.82	1	3e-06	0.339839	-0.950314	0	5.87359	2.16782	0
0.84	1	3e-06	0.45468	-0.899622	0	5.56548	2.88283	0
0.86	1	3e-06	0.562457	-0.835	0	5.16973	3.55536	0
0.88	1	3e-06	0.661468	-0.757407	0	4.69204	4.17447	0
0.9	1	3e-06	0.750138	-0.668021	0	4.13955	4.72994	0
0.92	1	3e-06	0.827049	-0.56821	0	3.5207	5.21252	0
0.94	1	3e-06	0.890966	-0.45952	0	2.84518	5.6141	0
0.96	1	3e-06	0.940856	-0.343646	0	2.1237	5.92788	0
0.98	1	3e-06	0.975913	-0.222405	0	1.36783	6.14849	0
1	1	3e-06	0.995569	-0.0977066	0	0.589785	6.27217	0
1.02	1	3e-06	0.999504	0.0284813	0	-0.197793	6.29681	0
1.04	1	3e-06	0.987657	0.154165	0	-0.982089	6.22199	0
1.06	1	3e-06	0.960221	0.27736	0	-1.75035	6.04901	0
1.08	1	3e-06	0.917644	0.396125	0	-2.49014	5.78088	0
1.1	1	3e-06	0.860616	0.508595	0	-3.18957	5.42219	0
1.12	1	3e-06	0.790062	0.613013	0	-3.83749	4.97906	0
1.14	1	3e-06	0.707117	0.707758	0	-4.42374	4.45898	0
1.16	1	3e-06	0.613113	0.791372	0	-4.93926	3.87066	0
1.18	1	3e-06	0.509547	0.862585	0	-5.3763	3.22386	0
1.2	1	3e-06	0.398062	0.920327	0	-5.72845	2.52914	0
1.22	1	3e-06	0.28041	0.963751	0	-5.99079	1.79774	0
1.24	1	3e-06	0.158431	0.992238	0	-6.15987	1.0413	0
1.26	1	3e-06	0.0340155	1.0054	0	-6.23378	0.271698	0
1.28	1	3e-06	-0.0909206	1.00311	0	-6.21212	-0.499178	0
1.3	1	3e-06	-0.21447	0.985438	0	-6.09594	-1.25959	0
1.32	1	3e-06	-0.334759	0.952724	0	-5.88769	-1.99813	0
1.34	1	3e-06	-0.449978	0.905514	0	-5.59117	-2.70388	0
1.36	1	3e-06	-0.558406	0.84457	0	-5.2114	-3.36658	0
1.38	1	3e-06	-0.658434	0.770851	0	-4.75452	-3.9767	0
1.4	1	3e-06	-0.748588	0.685502	0	-4.22771	-4.52559	0
1.42	1	3e-06	-0.827544	0.589828	0	-3.63904	-5.00554	0
1.44	1	3e-06	-0.89415	0.48528	0	-2.99736	-5.4099	0
1.46	1	3e-06	-0.947439	0.373432	0	-2.31217	-5.73309	0
1.48	1	3e-06	-0.986637	0.255956	0	-1.59349	-5.97068	0
1.5	1	3e-06	-1.01118	0.134604	0	-0.851749	-6.11945	0
1.52	1	3e-06	-1.02071	0.0111781	0	-0.0976603	-6.17735	0
1.54	1	3e-06	-1.01509	-0.11249	0	0.657926	-6.14359	0
1.56	1	3e-06	-0.99439	-0.234566	0	1.40413	-6.01859	0
1.58	1	3e-06	-0.958919	-0.353235	0	2.13019	-5.80403	0
1.6	1	3e-06	-0.909182	-0.466728	0	2.82555	-5.50279	0
1.62	1	3e-06	-0.845897	-0.573346	0	3.48003	-5.11895	0
1.64	1	3e-06	-0.76998	-0.671486	0	4.08394	-4.65778	0
1.66	1	3e-06	-0.682539	-0.759657	0	4.62819	-4.12564	0
1.68	1	3e-06	-0.584852	-0.836511	0	5.10444	-3.52999	0
1.7	1	3e-06	-0.47836	-0.900856	0	5.50523	-2.87924	0
1.72	1	3e-06	-0.364642	-0.95168	0	5.82408	-2.18275	0
1.74	1	3e-06	-0.245396	-0.988166	0	6.05563	-1.45064	0
1.76	1	3e-06	-0.122417	-1.0097	0	6.19572	-0.693732	0
1.78	1	3e-06	0.00243261	-1.01591	0	6.24154	0.0766271	0
1.8	1	3e-06	0.127245	-1.00664	0	6.19165	0.848705	0
1.82	1	3e-06	0.250098	-0.981965	0	6.0461	1.61056	0
1.84	1	3e-06	0.369088	-0.942215	0	5.80644	2.35025	0
1.86	1	3e-06	0.482355	-0.887954	0	5.47576	3.05598	0
1.88	1	3e-06	0.588118	-0.819975	0	5.05867	3.71636	0
1.9	1	3e-06	0.684702	-0.739299	0	4.56126	4.32061	0
1.92	1	3e-06	0.770568	-0.647151	0	3.99101	4.85873	0
1.94	1	3e-06	0.844341	-0.544949	0	3.35675	5.32173	0
1.96	1	3e-06	0.904837	-0.434282	0	2.66843	5.70182	0
1.98	1	3e-06	0.951078	-0.316877	0	1.93701	5.99255	0
2	1	3e-06	0.982317	-0.19458	0	1.17428	6.18898	0
2.02	1	3e-06	0.998049	-0.0693184	0	0.392585	6.28775	0
2.04	1	3e-06	0.99802	0.0569296	0	-0.395363	6.28721	0
2.06	1	3e-06	0.982234	0.182169	0	-1.17674	6.18739	0
2.08	1	3e-06	0.950951	0.304425	0	-1.93886	5.99005	0
2.1	1	3e-06	0.90468	0.421771	0	-2.66941	5.69861	0
2.12	1	3e-06	0.844175	0.532369	0	-3.35668	5.31808	0
2.14	1	3e-06	0.770414	0.634494	0	-3.98979	4.85494	0
2.16	1	3e-06	0.684584	0.726567	0	-4.55884	4.31701	0
2.18	1	3e-06	0.588061	0.807175	0	-5.05513	3.71327	0
2.2	1	3e-06	0.48238	0.875098	0	-5.47123	3.0537	0
2.22	1	3e-06	0.369212	0.929324	0	-5.80114	2.34905	0
2.24	1	3e-06	0.250335	0.969061	0	-6.04031	1.61063	0
2.26	1	3e-06	0.1276	0.99375	0	-6.1857	0.85016	0
2.28	1	3e-06	0.00290723	1.00307	0	-6.23576	0.0795073	0
2.3	1	3e-06	-0.12183	0.996931	0	-6.19048	-0.689475	0
2.32	1	3e-06	-0.244712	0.97549	0	-6.05124	-1.44514	0
2.34	1	3e-06	-0.36388	0.939127	0	-5.82085	-2.17622	0
2.36	1	3e-06	-0.477546	0.888442	0	-5.50338	-2.87196	0
2.38	1	3e-06	-0.584016	0.824249	0	-5.10413	-3.52227	0
2.4	1	3e-06	-0.681713	0.747552	0	-4.62951	-4.11785	0
2.42	1	3e-06	-0.769197	0.659535	0	-4.08689	-4.65028	0
2.44	1	3e-06	-0.845189	0.561541	0	-3.48452	-5.11211	0
2.46	1	3e-06	-0.908579	0.455051	0	-2.83141	-5.49693	0
2.48	1	3e-06	-0.958446	0.341664	0	-2.13719	-5.79945	0
2.5	1	3e-06	-0.994067	0.223073	0	-1.41197	-6.01551	0
2.52	1	3e-06	-1.01493	0.101043	0	-0.666254	-6.14215	0
2.54	1	3e-06	-1.02072	-0.0226139	0	0.0892067	-6.17763	0
2.56	1	3e-06	-1.01136	-0.146063	0	0.843544	-6.12143	0
2.58	1	3e-06	-0.986975	-0.267472	0	1.58589	-5.97428	0
2.6	1	3e-06	-0.947921	-0.385034	0	2.30551	-5.73811	0
2.62	1	3e-06	-0.894754	-0.496996	0	2.99193	-5.4161	0
2.64	1	3e-06	-0.828243	-0.601679	0	3.63505	-5.01262	0
2.66	1	3e-06	-0.749351	-0.697501	0	4.22529	-4.53321	0
2.68	1	3e-06	-0.65923	-0.783007	0	4.75374	-3.98449	0
2.7	1	3e-06	-0.559201	-0.856881	0	5.21222	-3.37418	0
2.72	1	3e-06	-0.450741	-0.917973	0	5.59349	-2.71093	0
2.74	1	3e-06	-0.335461	-0.965317	0	5.89132	-2.00432	0
2.76	1	3e-06	-0.215087	-0.998145	0	6.10062	-1.26467	0
2.78	1	3e-06	-0.0914357	-1.0159	0	6.21755	-0.502969	0
2.8	1	3e-06	0.0336149	-1.01826	0	6.23962	0.269307	0
2.82	1	3e-06	0.158149	-1.00513	0	6.16577	1.04033	0
2.84	1	3e-06	0.280245	-0.976648	0	5.99641	1.79812	0
2.86	1	3e-06	0.398005	-0.933204	0	5.73348	2.53073	0
2.88	1	3e-06	0.509584	-0.875418	0	5.38048	3.22643	0
2.9	1	3e-06	0.613224	-0.804146	0	4.9424	3.87395	0
2.92	1	3e-06	0.707279	-0.72046	0	4.42572	4.46266	0
2.94	1	3e-06	0.790251	-0.625639	0	3.83828	4.98281	0
2.96	1	3e-06	0.86081	-0.521148	0	3.18923	5.42569	0
2.98	1	3e-06	0.91782	-0.408612	0	2.48882	5.78383	0
3	1	3e-06	0.960362	-0.289795	0	1.74825	6.05118	0
3.02	1	3e-06	0.98775	-0.166565	0	0.979478	6.22318	0
3.04	1	3e-06	0.999541	-0.0408679	0	0.194978	6.29694	0
3.06	1	3e-06	0.995549	0.0853117	0	-0.592485	6.27122	0
3.08	1	3e-06	0.975842	0.209981	0	-1.3701	6.14654	0
3.1	1	3e-06	0.940745	0.331173	0	-2.12526	5.92507	0
3.12	1	3e-06	0.890832	0.446983	0	-2.84581	5.61068	0
3.14	1	3e-06	0.826913	0.5556	0	-3.52022	5.20876	0
3.16	1	3e-06	0.750024	0.655333	0	-4.13788	4.72615	0
3.18	1	3e-06	0.661399	0.744646	0	-4.6892	4.17098	0
3.2	1	3e-06	0.562456	0.822173	0	-5.1658	3.5525	0
3.22	1	3e-06	0.454768	0.886746	0	-5.56063	2.88089	0
3.24	1	3e-06	0.340032	0.937409	0	-5.86805	2.16703	0
3.26	1	3e-06	0.220046	0.973428	0	-6.08392	1.42235	0
3.28	1	3e-06	0.0966757	0.994304	0	-6.20556	0.658606	0
3.3	1	3e-06	-0.0281762	0.999774	0	-6.23184	-0.112353	0
3.32	1	3e-06	-0.152598	0.989811	0	-6.16307	-0.87873	0
3.34	1	3e-06	-0.274699	0.964626	0	-6.00101	-1.62898	0
3.36	1	3e-06	-0.392639	0.924653	0	-5.74876	-2.35196	0
3.38	1	3e-06	-0.50465	0.870548	0	-5.4107	-3.0371	0
3.4	1	3e-06	-0.609067	0.80317	0	-4.99241	-3.6745	0
3.42	1	3e-06	-0.704347	0.723569	0	-4.5005	-4.25507	0
3.44	1	3e-06	-0.789088	0.632967	0	-3.94257	-4.77064	0
3.46	1	3e-06	-0.862051	0.532743	0	-3.32705	-5.214	0
3.48	1	3e-06	-0.922171	0.424407	0	-2.66309	-5.579	0
3.5	1	3e-06	-0.968575	0.309583	0	-1.96042	-5.86062	0
3.52	1	3e-06	-1.00059	0.189982	0	-1.22927	-6.05499	0
3.54	1	3e-06	-1.01775	0.067383	0	-0.48019	-6.15941	0
3.56	1	3e-06	-1.0198	-0.056395	0	0.276022	-6.17244	0
3.58	1	3e-06	-1.0067	-0.179515	0	1.02849	-6.09385	0
3.6	1	3e-06	-0.978656	-0.300149	0	1.76636	-5.92462	0
3.62	1	3e-06	-0.93605	-0.416501	0	2.47894	-5.66701	0
3.64	1	3e-06	-0.879498	-0.52683	0	3.15582	-5.32447	0
3.66	1	3e-06	-0.809817	-0.629479	0	3.787	-4.90164	0
3.68	1	3e-06	-0.728017	-0.722896	0	4.36304	-4.40434	0
3.7	1	3e-06	-0.635294	-0.805653	0	4.87516	-3.83947	0
3.72	1	3e-06	-0.53301	-0.876474	0	5.31541	-3.21498	0
3.74	1	3e-06	-0.422677	-0.934251	0	5.67675	-2.53978	0
3.76	1	3e-06	-0.305939	-0.978064	0	5.9532	-1.82366	0
3.78	1	3e-06	-0.184549	-1.0072	0	6.13997	-1.07712	0
3.8	1	3e-06	-0.0603404	-1.02115	0	6.23353	-0.311324	0
3.82	1	3e-06	0.0647925	-1.01965	0	6.23173	0.462135	0
3.84	1	3e-06	0.188929	-1.00266	0	6.13388	1.23135	0
3.86	1	3e-06	0.310147	-0.970393	0	5.94077	1.98431	0
3.88	1	3e-06	0.426559	-0.923289	0	5.65476	2.70907	0
3.9	1	3e-06	0.536337	-0.86203	0	5.27971	3.39399	0
3.92	1	3e-06	0.637747	-0.787529	0	4.82103	4.02792	0
3.94	1	3e-06	0.729177	-0.700913	0	4.28556	4.60044	0
3.96	1	3e-06	0.809168	-0.603511	0	3.68151	5.10202	0
3.98	1	3e-06	0.876437	-0.496832	0	3.01833	5.52426	0
4	1	3e-06	0.929901	-0.38254	0	2.30656	5.86004	0
4.02	1	3e-06	0.968699	-0.26243	0	1.55763	6.10368	0
4.04	1	3e-06	0.992206	-0.138394	0	0.783642	6.25107	0
4.06	1	3e-06	1.00004	-0.0123883	0	-0.00281165	6.29972	0
4.08	1	3e-06	0.992093	0.113595	0	-0.788935	6.24887	0
4.1	1	3e-06	0.968487	0.237566	0	-1.56195	6.09947	0
4.12	1	3e-06	0.929615	0.357573	0	-2.30936	5.85416	0
4.14	1	3e-06	0.876113	0.471732	0	-3.01914	5.51719	0
4.16	1	3e-06	0.80885	0.578261	0	-3.68002	5.09436	0
4.18	1	3e-06	0.728913	0.675507	0	-4.28163	4.59285	0
4.2	1	3e-06	0.637586	0.761975	0	-4.81469	4.02107	0
4.22	1	3e-06	0.536327	0.83635	0	-5.27119	3.38854	0
4.24	1	3e-06	0.426739	0.897517	0	-5.64442	2.7056	0
4.26	1	3e-06	0.31055	0.944575	0	-5.92915	1.98329	0
4.28	1	3e-06	0.189574	0.976849	0	-6.12159	1.23311	0
4.3	1	3e-06	0.0656866	0.9939	0	-6.21949	0.466832	0
4.32	1	3e-06	-0.0592054	0.995524	0	-6.22205	-0.303704	0
4.34	1	3e-06	-0.183195	0.981753	0	-6.12996	-1.06677	0
4.36	1	3e-06	-0.304404	0.952854	0	-5.94531	-1.81094	0
4.38	1	3e-06	-0.421008	0.909316	0	-5.67151	-2.52521	0
4.4	1	3e-06	-0.531265	0.851846	0	-5.31325	-3.19918	0
4.42	1	3e-06	-0.633539	0.78135	0	-4.87633	-3.82315	0
4.44	1	3e-06	-0.726319	0.69892	0	-4.36762	-4.38827	0
4.46	1	3e-06	-0.808244	0.605819	0	-3.7949	-4.88658	0
4.48	1	3e-06	-0.878116	0.503457	0	-3.16677	-5.31113	0
4.5	1	3e-06	-0.934916	0.393374	0	-2.49252	-5.65605	0
4.52	1	3e-06	-0.977817	0.277215	0	-1.782	-5.91657	0
4.54	1	3e-06	-1.0062	0.15671	0	-1.04552	-6.0891	0
4.56	1	3e-06	-1.01964	0.0336506	0	-0.293699	-6.17123	0
4.58	1	3e-06	-1.01794	-0.0901392	0	0.462643	-6.16179	0
4.6	1	3e-06	-1.00113	-0.212822	0	1.21262	-6.06084	0
4.62	1	3e-06	-0.969439	-0.332573	0	1.94539	-5.86966	0
4.64	1	3e-06	-0.923316	-0.447608	0	2.65032	-5.59078	0
4.66	1	3e-06	-0.863425	-0.556205	0	3.31707	-5.22795	0
4.68	1	3e-06	-0.790633	-0.656726	0	3.93575	-4.78608	0
4.7	1	3e-06	-0.705995	-0.747648	0	4.49704	-4.27127	0
4.72	1	3e-06	-0.61075	-0.827577	0	4.99235	-3.69068	0
4.74	1	3e-06	-0.5063	-0.895275	0	5.4139	-3.05252	0
4.76	1	3e-06	-0.394194	-0.949677	0	5.75489	-2.36593	0
4.78	1	3e-06	-0.276104	-0.989911	0	6.00963	-1.64091	0
4.8	1	3e-06	-0.153808	-1.01531	0	6.17359	-0.888161	0
4.82	1	3e-06	-0.0291601	-1.02544	0	6.24359	-0.118976	0
4.84	1	3e-06	0.0959356	-1.02007	0	6.21783	0.654924	0
4.86	1	3e-06	0.219553	-0.999239	0	6.09598	1.42157	0
4.88	1	3e-06	0.339774	-0.963207	0	5.87923	2.16891	0
4.9	1	3e-06	0.454721	-0.912481	0	5.57032	2.88507	0
4.92	1	3e-06	0.562586	-0.847803	0	5.17353	3.55847	0
4.94	1	3e-06	0.661662	-0.770142	0	4.69466	4.17811	0
4.96	1	3e-06	0.750372	-0.680678	0	4.14091	4.73379	0
4.98	1	3e-06	0.827298	-0.58079	0	3.52085	5.21622	0
5	1	3e-06	0.891205	-0.47203	0	2.84423	5.61733	0
5.02	1	3e-06	0.941066	-0.356097	0	2.12185	5.93035	0
5.04	1	3e-06	0.976079	-0.234816	0	1.36535	6.15	0
5.06	1	3e-06	0.99568	-0.110098	0	0.586996	6.27259	0
5.08	1	3e-06	0.999558	0.0160874	0	-0.200558	6.29609	0
5.1	1	3e-06	0.987658	0.141745	0	-0.984492	6.22018	0
5.12	1	3e-06	0.960179	0.264894	0	-1.75208	6.04627	0
5.14	1	3e-06	0.917575	0.383596	0	-2.49094	5.77741	0
5.16	1	3e-06	0.860542	0.49599	0	-3.18923	5.41828	0
5.18	1	3e-06	0.790006	0.600327	0	-3.83591	4.97503	0
5.2	1	3e-06	0.707106	0.694992	0	-4.42089	4.45519	0
5.22	1	3e-06	0.613172	0.778535	0	-4.93522	3.86746	0
5.24	1	3e-06	0.509699	0.849691	0	-5.37122	3.22156	0
5.26	1	3e-06	0.398324	0.907398	0	-5.72257	2.52803	0
5.28	1	3e-06	0.280796	0.950813	0	-5.98441	1.79801	0
5.3	1	3e-06	0.158948	0.979319	0	-6.15334	1.04308	0
5.32	1	3e-06	0.0346629	0.992537	0	-6.22749	0.27502	0
5.34	1	3e-06	-0.0901515	0.990321	0	-6.20643	-0.494372	0
5.36	1	3e-06	-0.213594	0.972763	0	-6.0912	-1.25344	0
5.38	1	3e-06	-0.3338	0.940184	0	-5.88422	-1.99088	0
5.4	1	3e-06	-0.448964	0.893129	0	-5.58921	-2.69583	0
5.42	1	3e-06	-0.557369	0.832352	0	-5.21113	-3.35808	0
5.44	1	3e-06	-0.657409	0.758806	0	-4.75602	-3.96813	0
5.46	1	3e-06	-0.747611	0.673627	0	-4.23099	-4.51735	0
5.48	1	3e-06	-0.82665	0.578113	0	-3.64399	-4.99802	0
5.5	1	3e-06	-0.893371	0.473706	0	-3.0038	-5.40345	0
5.52	1	3e-06	-0.946802	0.361974	0	-2.31984	-5.72803	0
5.54	1	3e-06	-0.986165	0.244585	0	-1.60207	-5.96726	0
5.56	1	3e-06	-1.01089	0.123284	0	-0.860873	-6.11781	0
5.58	1	3e-06	-1.0206	-0.00012824	0	-0.106926	-6.17758	0
5.6	1	3e-06	-1.01516	-0.12382	0	0.648923	-6.14568	0
5.62	1	3e-06	-0.994643	-0.245956	0	1.39578	-6.02243	0
5.64	1	3e-06	-0.959331	-0.364718	0	2.12285	-5.80942	0
5.66	1	3e-06	-0.909729	-0.478333	0	2.81952	-5.50947	0
5.68	1	3e-06	-0.84655	-0.585097	0	3.47555	-5.1266	0
5.7	1	3e-06	-0.770706	-0.683397	0	4.08116	-4.66602	0
5.72	1	3e-06	-0.683303	-0.771737	0	4.62717	-4.13408	0
5.74	1	3e-06	-0.585619	-0.84876	0	5.10516	-3.53823	0
5.76	1	3e-06	-0.479096	-0.913266	0	5.50756	-2.88692	0
5.78	1	3e-06	-0.365316	-0.964236	0	5.82783	-2.18953	0
5.8	1	3e-06	-0.245982	-1.00085	0	6.06052	-1.45624	0
5.82	1	3e-06	-0.122894	-1.02248	0	6.20143	-0.697957	0
5.84	1	3e-06	0.00207557	-1.02876	0	6.2477	0.0738917	0
5.86	1	3e-06	0.127014	-1.01953	0	6.1979	0.847481	0
5.88	1	3e-06	0.249991	-0.994863	0	6.05206	1.61078	0
5.9	1	3e-06	0.369096	-0.955096	0	5.81179	2.35175	0
5.92	1	3e-06	0.482462	-0.900793	0	5.48023	3.05853	0
5.94	1	3e-06	0.588304	-0.832754	0	5.06204	3.71967	0
5.96	1	3e-06	0.684943	-0.752005	0	4.56341	4.32434	0
5.98	1	3e-06	0.77084	-0.65978	0	3.99192	4.86253	0
6	1	3e-06	0.844619	-0.557504	0	3.35647	5.32527	0
6.02	1	3e-06	0.905098	-0.44677	0	2.66712	5.70478	0
6.04	1	3e-06	0.951303	-0.329313	0	1.9349	5.99467	0
6.06	1	3e-06	0.982493	-0.206983	0	1.17165	6.19008	0
6.08	1	3e-06	0.998169	-0.0817103	0	0.389763	6.28774	0
6.1	1	3e-06	0.998084	0.0445259	0	-0.398037	6.28606	0
6.12	1	3e-06	0.982248	0.169732	0	-1.17894	6.1852	0
6.14	1	3e-06	0.950927	0.291933	0	-1.94028	5.98699	0
6.16	1	3e-06	0.904637	0.409211	0	-2.66981	5.69492	0
6.18	1	3e-06	0.844135	0.51973	0	-3.3559	5.31405	0
6.2	1	3e-06	0.770402	0.621773	0	-3.98774	4.85093	0
6.22	1	3e-06	0.684626	0.713767	0	-4.55553	4.31336	0
6.24	1	3e-06	0.588181	0.794308	0	-5.05066	3.71033	0
6.26	1	3e-06	0.4826	0.862181	0	-5.4658	3.05177	0
6.28	1	3e-06	0.36955	0.916379	0	-5.79501	2.34838	0
6.3	1	3e-06	0.2508	0.956117	0	-6.0338	1.6114	0
6.32	1	3e-06	0.128198	0.980836	0	-6.17917	0.852467	0
6.34	1	3e-06	0.0036338	0.990216	0	-6.2296	0.083352	0
6.36	1	3e-06	-0.120986	0.984171	0	-6.18504	-0.684183	0
6.38	1	3e-06	-0.243768	0.96285	0	-6.04687	-1.43858	0
6.4	1	3e-06	-0.362861	0.926629	0	-5.81783	-2.16864	0
6.42	1	3e-06	-0.476482	0.876105	0	-5.50195	-2.86369	0
6.44	1	3e-06	-0.58294	0.812082	0	-5.10444	-3.51368	0
6.46	1	3e-06	-0.68066	0.735559	0	-4.6316	-4.10933	0
6.48	1	3e-06	-0.768204	0.64771	0	-4.09073	-4.64222	0
6.5	1	3e-06	-0.84429	0.54987	0	-3.48999	-5.10489	0
6.52	1	3e-06	-0.907805	0.443514	0	-2.83829	-5.4909	0
6.54	1	3e-06	-0.957822	0.330234	0	-2.1452	-5.79489	0
6.56	1	3e-06	-0.993613	0.211718	0	-1.42077	-6.01264	0
6.58	1	3e-06	-1.01465	0.0897275	0	-0.675469	-6.14112	0
6.6	1	3e-06	-1.02063	-0.0339273	0	0.0799845	-6.17847	0
6.62	1	3e-06	-1.01145	-0.157412	0	0.834717	-6.1241	0
6.64	1	3e-06	-0.987243	-0.278892	0	1.57784	-5.97863	0
6.66	1	3e-06	-0.94834	-0.396558	0	2.29858	-5.74394	0
6.68	1	3e-06	-0.895299	-0.50865	0	2.98639	-5.42312	0
6.7	1	3e-06	-0.828884	-0.613483	0	3.63112	-5.02049	0
6.72	1	3e-06	-0.750054	-0.709469	0	4.22309	-4.54153	0
6.74	1	3e-06	-0.659959	-0.795144	0	4.75329	-3.99289	0
6.76	1	3e-06	-0.559922	-0.869184	0	5.21348	-3.38225	0
6.78	1	3e-06	-0.451419	-0.930433	0	5.59631	-2.71832	0
6.8	1	3e-06	-0.336069	-0.977916	0	5.89546	-2.01071	0
6.82	1	3e-06	-0.2156	-1.01086	0	6.1058	-1.26981	0
6.84	1	3e-06	-0.0918365	-1.02871	0	6.22342	-0.506685	0
6.86	1	3e-06	0.0333366	-1.03113	0	6.24582	0.267094	0
6.88	1	3e-06	0.157996	-1.01802	0	6.17192	1.03961	0
6.9	1	3e-06	0.280213	-0.989541	0	6.00216	1.79879	0
6.92	1	3e-06	0.398082	-0.94607	0	5.73852	2.53261	0
6.94	1	3e-06	0.509753	-0.888236	0	5.38455	3.22925	0
6.96	1	3e-06	0.613463	-0.816899	0	4.94533	3.87741	0
6.98	1	3e-06	0.707566	-0.733139	0	4.42741	4.46643	0
7	1	3e-06	0.790559	-0.638242	0	3.83874	4.98652	0
7.02	1	3e-06	0.861114	-0.533678	0	3.18856	5.42902	0
7.04	1	3e-06	0.9181	-0.421081	0	2.48719	5.78649	0
7.06	1	3e-06	0.960601	-0.302219	0	1.74591	6.05292	0
7.08	1	3e-06	0.987936	-0.178965	0	0.976737	6.22386	0
7.1	1	3e-06	0.999671	-0.0532649	0	0.192168	6.29648	0
7.12	1	3e-06	0.995623	0.0728942	0	-0.595024	6.26966	0
7.14	1	3e-06	0.97587	0.197521	0	-1.37205	6.14398	0
7.16	1	3e-06	0.940742	0.318653	0	-2.12634	5.92172	0
7.18	1	3e-06	0.890817	0.434389	0	-2.84579	5.6068	0
7.2	1	3e-06	0.82691	0.542925	0	-3.51898	5.20466	0
7.22	1	3e-06	0.750058	0.642576	0	-4.13536	4.72219	0
7.24	1	3e-06	0.661497	0.731812	0	-4.68544	4.16751	0
7.26	1	3e-06	0.562641	0.809277	0	-5.16094	3.54986	0
7.28	1	3e-06	0.45506	0.873807	0	-5.55489	2.87935	0
7.3	1	3e-06	0.340446	0.924451	0	-5.86172	2.16683	0
7.32	1	3e-06	0.220592	0.960481	0	-6.07732	1.42364	0
7.34	1	3e-06	0.0973538	0.981398	0	-6.19908	0.661444	0
7.36	1	3e-06	-0.0273713	0.98694	0	-6.22584	-0.107994	0
7.38	1	3e-06	-0.15168	0.977079	0	-6.15792	-0.872971	0
7.4	1	3e-06	-0.273688	0.952022	0	-5.99704	-1.62203	0
7.42	1	3e-06	-0.391562	0.912199	0	-5.74623	-2.34409	0
7.44	1	3e-06	-0.503538	0.858259	0	-5.40983	-3.02866	0
7.46	1	3e-06	-0.607955	0.791054	0	-4.99329	-3.66586	0
7.48	1	3e-06	-0.703271	0.711625	0	-4.50317	-4.24664	0
7.5	1	3e-06	-0.788083	0.621189	0	-3.94697	-4.7628	0
7.52	1	3e-06	-0.86115	0.521113	0	-3.33301	-5.20712	0
7.54	1	3e-06	-0.921404	0.412904	0	-2.67037	-5.57341	0
7.56	1	3e-06	-0.967966	0.298177	0	-1.96873	-5.85659	0
7.58	1	3e-06	-1.00015	0.17864	0	-1.23825	-6.05271	0
7.6	1	3e-06	-1.0175	0.0560679	0	-0.489451	-6.15899	0
7.62	1	3e-06	-1.01973	-0.0677204	0	0.266889	-6.17389	0
7.64	1	3e-06	-1.00682	-0.190888	0	1.01988	-6.09708	0
7.66	1	3e-06	-0.978937	-0.311604	0	1.75865	-5.92948	0
7.68	1	3e-06	-0.936474	-0.428068	0	2.47244	-5.67325	0
7.7	1	3e-06	-0.880038	-0.538534	0	3.15079	-5.33179	0
7.72	1	3e-06	-0.810442	-0.641339	0	3.78363	-4.90968	0
7.74	1	3e-06	-0.728693	-0.734921	0	4.36141	-4.41271	0
7.76	1	3e-06	-0.635984	-0.817847	0	4.87529	-3.84777	0
7.78	1	3e-06	-0.53368	-0.888832	0	5.31719	-3.22283	0
7.8	1	3e-06	-0.423296	-0.94676	0	5.68001	-2.54684	0
7.82	1	3e-06	-0.306479	-0.990705	0	5.9577	-1.82963	0
7.84	1	3e-06	-0.184988	-1.01994	0	6.14538	-1.08178	0
7.86	1	3e-06	-0.0606636	-1.03398	0	6.23951	-0.314524	0
7.88	1	3e-06	0.0645929	-1.03252	0	6.23791	0.460441	0
7.9	1	3e-06	0.188853	-1.01556	0	6.13989	1.23112	0
7.92	1	3e-06	0.310188	-0.983278	0	5.94627	1.98541	0
7.94	1	3e-06	0.426703	-0.936139	0	5.65945	2.71129	0
7.96	1	3e-06	0.536566	-0.874826	0	5.28336	3.39705	0
7.98	1	3e-06	0.638037	-0.800256	0	4.8235	4.03151	0
8	1	3e-06	0.729505	-0.713565	0	4.28678	4.6042	0
8.02	1	3e-06	0.809508	-0.616088	0	3.68153	5.10561	0
8.04	1	3e-06	0.876765	-0.509341	0	3.01728	5.52736	0
8.06	1	3e-06	0.930198	-0.394994	0	2.30464	5.86237	0
8.08	1	3e-06	0.96895	-0.274847	0	1.5551	6.10504	0
8.1	1	3e-06	0.992402	-0.150793	0	0.780834	6.25131	0
8.12	1	3e-06	1.00018	-0.0247944	0	-0.00556496	6.29883	0
8.14	1	3e-06	0.992179	0.101159	0	-0.791298	6.2469	0
8.16	1	3e-06	0.968532	0.225081	0	-1.56362	6.09657	0
8.18	1	3e-06	0.929635	0.345022	0	-2.31006	5.85055	0
8.2	1	3e-06	0.87613	0.459103	0	-3.01869	5.51316	0
8.22	1	3e-06	0.808888	0.565548	0	-3.67831	5.09024	0
8.24	1	3e-06	0.728998	0.662713	0	-4.27864	4.58899	0
8.26	1	3e-06	0.637743	0.749108	0	-4.81051	4.01783	0
8.28	1	3e-06	0.536579	0.823426	0	-5.26597	3.38622	0
8.3	1	3e-06	0.427105	0.884558	0	-5.63841	2.70448	0
8.32	1	3e-06	0.311043	0.931606	0	-5.92265	1.98358	0
8.34	1	3e-06	0.1902	0.963901	0	-6.11496	1.23492	0
8.36	1	3e-06	0.0664449	0.981004	0	-6.21309	0.4702	0
8.38	1	3e-06	-0.0583235	0.98271	0	-6.21626	-0.298843	0
8.4	1	3e-06	-0.182206	0.969051	0	-6.12514	-1.06057	0
8.42	1	3e-06	-0.30333	0.940289	0	-5.94177	-1.80363	0
8.44	1	3e-06	-0.419877	0.896907	0	-5.6695	-2.51709	0
8.46	1	3e-06	-0.53011	0.839606	0	-5.31294	-3.19061	0
8.48	1	3e-06	-0.632395	0.769283	0	-4.8778	-3.81452	0
8.5	1	3e-06	-0.725223	0.687025	0	-4.37087	-4.37997	0
8.52	1	3e-06	-0.807231	0.594085	0	-3.79983	-4.879	0
8.54	1	3e-06	-0.877217	0.491865	0	-3.17319	-5.30463	0
8.56	1	3e-06	-0.934159	0.3819	0	-2.50018	-5.65094	0
8.58	1	3e-06	-0.977225	0.265828	0	-1.79057	-5.91309	0
8.6	1	3e-06	-1.00578	0.145376	0	-1.05464	-6.08741	0
8.62	1	3e-06	-1.01941	0.0223308	0	-0.302961	-6.17141	0
8.64	1	3e-06	-1.0179	-0.101481	0	0.453642	-6.16382	0
8.66	1	3e-06	-1.00126	-0.224223	0	1.20427	-6.06462	0
8.68	1	3e-06	-0.96973	-0.344066	0	1.93805	-5.87499	0
8.7	1	3e-06	-0.923742	-0.459223	0	2.64429	-5.5974	0
8.72	1	3e-06	-0.863958	-0.567963	0	3.31258	-5.23552	0
8.74	1	3e-06	-0.791238	-0.668644	0	3.93295	-4.79425	0
8.76	1	3e-06	-0.706639	-0.759733	0	4.49599	-4.27963	0
8.78	1	3e-06	-0.611398	-0.839829	0	4.99302	-3.69885	0
8.8	1	3e-06	-0.506918	-0.907686	0	5.41618	-3.06012	0
8.82	1	3e-06	-0.39475	-0.962233	0	5.75858	-2.37263	0
8.84	1	3e-06	-0.276574	-1.00259	0	6.01444	-1.64644	0
8.86	1	3e-06	-0.154172	-1.02809	0	6.17921	-0.892321	0
8.88	1	3e-06	-0.0294054	-1.03828	0	6.24965	-0.121657	0
8.9	1	3e-06	0.095814	-1.03295	0	6.22395	0.65374	0
8.92	1	3e-06	0.219553	-1.01213	0	6.10181	1.42181	0
8.94	1	3e-06	0.339886	-0.976082	0	5.88444	2.17042	0
8.96	1	3e-06	0.45493	-0.925314	0	5.57464	2.88759	0
8.98	1	3e-06	0.562871	-0.860577	0	5.17676	3.56173	0
9	1	3e-06	0.661999	-0.782845	0	4.69667	4.18177	0
9.02	1	3e-06	0.750737	-0.693306	0	4.14168	4.73749	0
9.04	1	3e-06	0.827666	-0.593345	0	3.52046	5.21964	0
9.06	1	3e-06	0.891554	-0.48452	0	2.84283	5.62015	0
9.08	1	3e-06	0.941378	-0.368539	0	2.11967	5.93232	0
9.1	1	3e-06	0.976341	-0.247228	0	1.36268	6.15094	0
9.12	1	3e-06	0.995885	-0.122502	0	0.584165	6.2724	0
9.14	1	3e-06	0.999707	0.0036679	0	-0.203211	6.29477	0
9.16	1	3e-06	0.987757	0.129289	0	-0.986638	6.21783	0
9.18	1	3e-06	0.960242	0.252381	0	-1.75343	6.04305	0
9.2	1	3e-06	0.91762	0.37101	0	-2.49124	5.77358	0
9.22	1	3e-06	0.860593	0.483323	0	-3.18833	5.41414	0
9.24	1	3e-06	0.790088	0.587576	0	-3.83373	4.97093	0
9.26	1	3e-06	0.707244	0.682161	0	-4.41744	4.45148	0
9.28	1	3e-06	0.613391	0.765635	0	-4.93062	3.86448	0
9.3	1	3e-06	0.51002	0.836741	0	-5.36565	3.21962	0
9.32	1	3e-06	0.398765	0.894421	0	-5.71631	2.52737	0
9.34	1	3e-06	0.281369	0.937836	0	-5.97778	1.79881	0
9.36	1	3e-06	0.159655	0.966374	0	-6.14671	1.04543	0
9.38	1	3e-06	0.0355005	0.979654	0	-6.22122	0.278912	0
9.4	1	3e-06	-0.0891942	0.977532	0	-6.2009	-0.489024	0
9.42	1	3e-06	-0.212536	0.960094	0	-6.08676	-1.24682	0
9.44	1	3e-06	-0.332665	0.92766	0	-5.88115	-1.98324	0
9.46	1	3e-06	-0.447782	0.880766	0	-5.58774	-2.6875	0
9.48	1	3e-06	-0.556175	0.82016	0	-5.21139	-3.34942	0
9.5	1	3e-06	-0.656239	0.746789	0	-4.75808	-3.95954	0
9.52	1	3e-06	-0.746499	0.661779	0	-4.2348	-4.50923	0
9.54	1	3e-06	-0.825631	0.56642	0	-3.64944	-4.99075	0
9.56	1	3e-06	-0.892477	0.462149	0	-3.01067	-5.39737	0
9.58	1	3e-06	-0.946059	0.350526	0	-2.32784	-5.72342	0
9.6	1	3e-06	-0.985592	0.233212	0	-1.61087	-5.96434	0
9.62	1	3e-06	-1.01049	0.111951	0	-0.870081	-6.11673	0
9.64	1	3e-06	-1.02039	-0.0114575	0	-0.116143	-6.17837	0
9.66	1	3e-06	-1.01514	-0.135184	0	0.640099	-6.14829	0
9.68	1	3e-06	-0.994791	-0.257389	0	1.38773	-6.02673	0
9.7	1	3e-06	-0.95963	-0.376253	0	2.11591	-5.81519	0
9.72	1	3e-06	-0.910154	-0.489998	0	2.81398	-5.51642	0
9.74	1	3e-06	-0.84707	-0.596911	0	3.4716	-5.13439	0
9.76	1	3e-06	-0.771289	-0.695373	0	4.07893	-4.67427	0
9.78	1	3e-06	-0.683912	-0.783881	0	4.62669	-4.1424	0
9.8	1	3e-06	-0.586221	-0.861069	0	5.10637	-3.54623	0
9.82	1	3e-06	-0.479657	-0.92573	0	5.51032	-2.89423	0
9.84	1	3e-06	-0.365807	-0.976838	0	5.8319	-2.19584	0
9.86	1	3e-06	-0.24638	-1.01356	0	6.06561	-1.46131	0
9.88	1	3e-06	-0.123182	-1.03529	0	6.2072	-0.70161	0
9.9	1	3e-06	0.00190822	-1.04163	0	6.25379	0.0717301	0
9.92	1	3e-06	0.126969	-1.03242	0	6.20392	0.846797	0
9.94	1	3e-06	0.250065	-1.00775	0	6.05768	1.61147	0
9.96	1	3e-06	0.369276	-0.967959	0	5.81669	2.35362	0
9.98	1	3e-06	0.482732	-0.913607	0	5.48415	3.06133	0
10	1	3e-06	0.588641	-0.845505	0	5.06482	3.72308	0
10.02	1	3e-06	0.685324	-0.764684	0	4.56496	4.32803	0
10.04	1	3e-06	0.771239	-0.672384	0	3.99225	4.86614	0
10.06	1	3e-06	0.845013	-0.570038	0	3.35569	5.32847	0
10.08	1	3e-06	0.905465	-0.459245	0	2.6654	5.70729	0
10.1	1	3e-06	0.951628	-0.341746	0	1.9325	5.99626	0
10.12	1	3e-06	0.982765	-0.219395	0	1.16888	6.19059	0
10.14	1	3e-06	0.998383	-0.0941232	0	0.386953	6.28711	0
10.16	1	3e-06	0.998243	0.0320891	0	-0.400546	6.28433	0
10.18	1	3e-06	0.982361	0.15725	0	-1.18083	6.18249	0
10.2	1	3e-06	0.95101	0.279388	0	-1.94127	5.98349	0
10.22	1	3e-06	0.904711	0.396589	0	-2.6697	5.69091	0
10.24	1	3e-06	0.844223	0.507024	0	-3.35454	5.30986	0
10.26	1	3e-06	0.77053	0.608983	0	-3.98509	4.84689	0
10.28	1	3e-06	0.68482	0.7009	0	-4.55164	4.30984	0
10.3	1	3e-06	0.588465	0.781377	0	-5.04567	3.70765	0
10.32	1	3e-06	0.482994	0.849206	0	-5.45993	3.05022	0
10.34	1	3e-06	0.370069	0.903387	0	-5.78855	2.34819	0
10.36	1	3e-06	0.251453	0.943135	0	-6.02709	1.61272	0
10.38	1	3e-06	0.128985	0.967896	0	-6.17258	0.855344	0
10.4	1	3e-06	0.00454981	0.977349	0	-6.22351	0.0877606	0
10.42	1	3e-06	-0.119955	0.971408	0	-6.17981	-0.678368	0
10.44	1	3e-06	-0.242643	0.950216	0	-6.04283	-1.43157	0
10.46	1	3e-06	-0.361669	0.914146	0	-5.81526	-2.16072	0
10.48	1	3e-06	-0.475254	0.863788	0	-5.50103	-2.85519	0
10.5	1	3e-06	-0.58171	0.799939	0	-5.10528	-3.50498	0
10.52	1	3e-06	-0.679466	0.723589	0	-4.63424	-4.10083	0
10.54	1	3e-06	-0.767081	0.635906	0	-4.0951	-4.63432	0
10.56	1	3e-06	-0.84327	0.538217	0	-3.49593	-5.09796	0
10.58	1	3e-06	-0.906919	0.431988	0	-2.84557	-5.48526	0
10.6	1	3e-06	-0.957094	0.318806	0	-2.1535	-5.79081	0
10.62	1	3e-06	-0.993059	0.200355	0	-1.42975	-6.01031	0
10.64	1	3e-06	-1.01428	0.0783931	0	-0.684722	-6.14064	0
10.66	1	3e-06	-1.02045	-0.0452709	0	0.0708567	-6.17986	0
10.68	1	3e-06	-1.01145	-0.168802	0	0.826112	-6.12728	0
10.7	1	3e-06	-0.987404	-0.290362	0	1.57013	-5.98343	0
10.72	1	3e-06	-0.948644	-0.40814	0	2.29208	-5.75012	0
10.74	1	3e-06	-0.89572	-0.520368	0	2.98136	-5.43037	0
10.76	1	3e-06	-0.829389	-0.625355	0	3.62773	-5.02845	0
10.78	1	3e-06	-0.75061	-0.721506	0	4.22144	-4.54983	0
10.8	1	3e-06	-0.660531	-0.807347	0	4.75338	-4.00111	0
10.82	1	3e-06	-0.560474	-0.88155	0	5.21522	-3.39002	0
10.84	1	3e-06	-0.451921	-0.942948	0	5.59951	-2.7253	0
10.86	1	3e-06	-0.336493	-0.990561	0	5.89989	-2.0166	0
10.88	1	3e-06	-0.215925	-1.02361	0	6.11113	-1.27439	0
10.9	1	3e-06	-0.0920476	-1.04154	0	6.22931	-0.509824	0
10.92	1	3e-06	0.0332469	-1.044	0	6.25189	0.265447	0
10.94	1	3e-06	0.158028	-1.03092	0	6.1778	1.03941	0
10.96	1	3e-06	0.280359	-1.00243	0	6.00751	1.79991	0
10.98	1	3e-06	0.398328	-0.95892	0	5.74306	2.53481	0
11	1	3e-06	0.51008	-0.901032	0	5.38805	3.23228	0
11.02	1	3e-06	0.613849	-0.829628	0	4.94765	3.88094	0
11.04	1	3e-06	0.707986	-0.745794	0	4.4285	4.4701	0
11.06	1	3e-06	0.790989	-0.650824	0	3.83865	4.99	0
11.08	1	3e-06	0.861531	-0.546194	0	3.1874	5.43198	0
11.1	1	3e-06	0.918484	-0.433545	0	2.48519	5.78867	0
11.12	1	3e-06	0.960938	-0.314648	0	1.74334	6.05411	0
11.14	1	3e-06	0.988217	-0.19138	0	0.973908	6.22394	0
11.16	1	3e-06	0.999894	-0.0656905	0	0.189423	6.29543	0
11.18	1	3e-06	0.995794	0.0604361	0	-0.597348	6.26753	0
11.2	1	3e-06	0.976	0.18501	0	-1.37365	6.14092	0
11.22	1	3e-06	0.940848	0.306073	0	-2.12695	5.91797	0
11.24	1	3e-06	0.890922	0.421729	0	-2.84524	5.60265	0
11.26	1	3e-06	0.82704	0.530178	0	-3.51715	5.20045	0
11.28	1	3e-06	0.750237	0.629747	0	-4.13225	4.71826	0
11.3	1	3e-06	0.66175	0.718909	0	-4.68112	4.16422	0
11.32	1	3e-06	0.562993	0.796316	0	-5.15558	3.54752	0
11.34	1	3e-06	0.455528	0.86081	0	-5.54874	2.87823	0
11.36	1	3e-06	0.341044	0.911446	0	-5.85509	2.16713	0
11.38	1	3e-06	0.221325	0.947496	0	-6.07057	1.42548	0
11.4	1	3e-06	0.0982213	0.968466	0	-6.19258	0.664854	0
11.42	1	3e-06	-0.0263783	0.974092	0	-6.21997	-0.103082	0
11.44	1	3e-06	-0.150578	0.964344	0	-6.15303	-0.866711	0
11.46	1	3e-06	-0.2725	0.939424	0	-5.99344	-1.61465	0
11.48	1	3e-06	-0.390315	0.899759	0	-5.74417	-2.33591	0
11.5	1	3e-06	-0.502267	0.845988	0	-5.40947	-3.02002	0
11.52	1	3e-06	-0.606695	0.778958	0	-4.99473	-3.65716	0
11.54	1	3e-06	-0.702057	0.699702	0	-4.50639	-4.23828	0
11.56	1	3e-06	-0.786951	0.609428	0	-3.95187	-4.75516	0
11.58	1	3e-06	-0.860133	0.509496	0	-3.33942	-5.20057	0
11.6	1	3e-06	-0.920529	0.401405	0	-2.67802	-5.56825	0
11.62	1	3e-06	-0.967254	0.286766	0	-1.9773	-5.85306	0
11.64	1	3e-06	-0.999621	0.167282	0	-1.24736	-6.05097	0
11.66	1	3e-06	-1.01715	0.0447265	0	-0.498704	-6.15912	0
11.68	1	3e-06	-1.01957	-0.0790832	0	0.257895	-6.17586	0
11.7	1	3e-06	-1.00683	-0.202309	0	1.01154	-6.1008	0
11.72	1	3e-06	-0.979108	-0.323116	0	1.7513	-5.93475	0
11.74	1	3e-06	-0.93678	-0.439699	0	2.4664	-5.67981	0
11.76	1	3e-06	-0.880451	-0.550308	0	3.14629	-5.3393	0
11.78	1	3e-06	-0.810928	-0.653271	0	3.78081	-4.91777	0
11.8	1	3e-06	-0.729218	-0.747019	0	4.36034	-4.421	0
11.82	1	3e-06	-0.636514	-0.830111	0	4.87593	-3.85586	0
11.84	1	3e-06	-0.53418	-0.901253	0	5.31943	-3.23036	0
11.86	1	3e-06	-0.423736	-0.959324	0	5.68363	-2.55346	0
11.88	1	3e-06	-0.306834	-1.00339	0	5.96243	-1.83508	0
11.9	1	3e-06	-0.185238	-1.03273	0	6.15091	-1.08587	0
11.92	1	3e-06	-0.0607978	-1.04682	0	6.24546	-0.317146	0
11.94	1	3e-06	0.0645801	-1.04541	0	6.24391	0.459301	0
11.96	1	3e-06	0.188959	-1.02845	0	6.14559	1.23139	0
11.98	1	3e-06	0.310403	-0.996155	0	5.95134	1.98691	0
12	1	3e-06	0.427012	-0.948974	0	5.66361	2.7138	0
12.02	1	3e-06	0.536947	-0.887602	0	5.28644	3.40027	0
12.04	1	3e-06	0.638469	-0.812963	0	4.82536	4.0351	0
12.06	1	3e-06	0.729961	-0.726198	0	4.28743	4.60781	0
12.08	1	3e-06	0.809965	-0.62865	0	3.68103	5.10891	0
12.1	1	3e-06	0.877201	-0.521842	0	3.01578	5.53004	0
12.12	1	3e-06	0.930596	-0.407449	0	2.30239	5.86418	0
12.14	1	3e-06	0.969296	-0.287275	0	1.55239	6.10581	0
12.16	1	3e-06	0.992691	-0.163217	0	0.777991	6.25096	0
12.18	1	3e-06	1.00042	-0.0372369	0	-0.00820024	6.29735	0
12.2	1	3e-06	0.992363	0.0886762	0	-0.793397	6.24439	0
12.22	1	3e-06	0.96868	0.212538	0	-1.56489	6.09321	0
12.24	1	3e-06	0.929768	0.332404	0	-2.31027	5.84659	0
12.26	1	3e-06	0.87627	0.446402	0	-3.01768	5.50892	0
12.28	1	3e-06	0.809061	0.552761	0	-3.67601	5.08605	0
12.3	1	3e-06	0.72923	0.649844	0	-4.27507	4.58521	0
12.32	1	3e-06	0.638059	0.73617	0	-4.80577	4.01481	0
12.34	1	3e-06	0.537	0.810436	0	-5.26027	3.38426	0
12.36	1	3e-06	0.427649	0.87154	0	-5.63202	2.70382	0
12.38	1	3e-06	0.31172	0.91859	0	-5.9159	1.98439	0
12.4	1	3e-06	0.191014	0.950917	0	-6.10821	1.2373	0
12.42	1	3e-06	0.0673917	0.968083	0	-6.20673	0.474136	0
12.44	1	3e-06	-0.0572552	0.969883	0	-6.21065	-0.293443	0
12.46	1	3e-06	-0.181035	0.956346	0	-6.12063	-1.05389	0
12.48	1	3e-06	-0.302081	0.927729	0	-5.93864	-1.79593	0
12.5	1	3e-06	-0.418581	0.88451	0	-5.66798	-2.5087	0
12.52	1	3e-06	-0.5288	0.827381	0	-5.31316	-3.18189	0
12.54	1	3e-06	-0.631108	0.757235	0	-4.87983	-3.80587	0
12.56	1	3e-06	-0.723994	0.675147	0	-4.37466	-4.37179	0
12.58	1	3e-06	-0.806095	0.582364	0	-3.80525	-4.87167	0
12.6	1	3e-06	-0.876205	0.48028	0	-3.18004	-5.2985	0
12.62	1	3e-06	-0.933297	0.370424	0	-2.50817	-5.64628	0
12.64	1	3e-06	-0.976532	0.254429	0	-1.79936	-5.91013	0
12.66	1	3e-06	-1.00527	0.134018	0	-1.06383	-6.08627	0
12.68	1	3e-06	-1.01909	0.0109775	0	-0.312169	-6.17215	0
12.7	1	3e-06	-1.01776	-0.112868	0	0.444825	-6.16638	0
12.72	1	3e-06	-1.00129	-0.235678	0	1.19622	-6.06886	0
12.74	1	3e-06	-0.96991	-0.355623	0	1.93111	-5.8807	0
12.76	1	3e-06	-0.924048	-0.470907	0	2.63874	-5.60429	0
12.78	1	3e-06	-0.86436	-0.579795	0	3.30862	-5.24325	0
12.8	1	3e-06	-0.791702	-0.680637	0	3.9307	-4.80243	0
12.82	1	3e-06	-0.707131	-0.771892	0	4.49549	-4.28787	0
12.84	1	3e-06	-0.611882	-0.852151	0	4.9942	-3.70676	0
12.86	1	3e-06	-0.507362	-0.920162	0	5.41888	-3.06735	0
12.88	1	3e-06	-0.395126	-0.974844	0	5.76258	-2.37887	0
12.9	1	3e-06	-0.276858	-1.01532	0	6.01945	-1.65143	0
12.92	1	3e-06	-0.154348	-1.0409	0	6.18488	-0.895907	0
12.94	1	3e-06	-0.0294628	-1.05115	0	6.25562	-0.123763	0
12.96	1	3e-06	0.0958771	-1.04585	0	6.22985	0.653096	0
12.98	1	3e-06	0.219731	-1.02503	0	6.10728	1.42251	0
13	1	3e-06	0.340168	-0.988949	0	5.88918	2.17229	0
13.02	1	3e-06	0.455298	-0.938133	0	5.57841	2.89037	0
13.04	1	3e-06	0.563303	-0.873333	0	5.17939	3.56509	0
13.06	1	3e-06	0.662472	-0.795529	0	4.69808	4.18538	0
13.08	1	3e-06	0.751226	-0.705918	0	4.14189	4.741	0
13.1	1	3e-06	0.828147	-0.605889	0	3.51956	5.22272	0
13.12	1	3e-06	0.892008	-0.497009	0	2.84102	5.62252	0
13.14	1	3e-06	0.941787	-0.380989	0	2.11722	5.93375	0
13.16	1	3e-06	0.976696	-0.259659	0	1.35988	6.15129	0
13.18	1	3e-06	0.996182	-0.134938	0	0.581352	6.27161	0
13.2	1	3e-06	0.99995	-0.00879534	0	-0.205694	6.29288	0
13.22	1	3e-06	0.987955	0.116777	0	-0.988473	6.21496	0
13.24	1	3e-06	0.960411	0.239802	0	-1.75434	6.03941	0
13.26	1	3e-06	0.917782	0.358353	0	-2.49103	5.76945	0
13.28	1	3e-06	0.86077	0.47058	0	-3.18685	5.40984	0
13.3	1	3e-06	0.790308	0.574746	0	-3.83095	4.96682	0
13.32	1	3e-06	0.707533	0.669253	0	-4.41342	4.4479	0
13.34	1	3e-06	0.613772	0.752663	0	-4.92549	3.86177	0
13.36	1	3e-06	0.510514	0.823724	0	-5.35965	3.21806	0
13.38	1	3e-06	0.399387	0.881386	0	-5.70972	2.52718	0
13.4	1	3e-06	0.282126	0.924812	0	-5.97095	1.80014	0
13.42	1	3e-06	0.160549	0.953392	0	-6.14001	1.04834	0
13.44	1	3e-06	0.0365256	0.966747	0	-6.21504	0.283367	0
13.46	1	3e-06	-0.0880524	0.964728	0	-6.1956	-0.483155	0
13.48	1	3e-06	-0.211298	0.947422	0	-6.08265	-1.23975	0
13.5	1	3e-06	-0.331359	0.915139	0	-5.87851	-1.97525	0
13.52	1	3e-06	-0.446439	0.868412	0	-5.58677	-2.67894	0
13.54	1	3e-06	-0.55483	0.807982	0	-5.2122	-3.34066	0
13.56	1	3e-06	-0.654928	0.734786	0	-4.76069	-3.95099	0
13.58	1	3e-06	-0.745259	0.649943	0	-4.23915	-4.50127	0
13.6	1	3e-06	-0.824495	0.554736	0	-3.65536	-4.98376	0
13.62	1	3e-06	-0.891474	0.450593	0	-3.01793	-5.39168	0
13.64	1	3e-06	-0.945213	0.339068	0	-2.33613	-5.71929	0
13.66	1	3e-06	-0.98492	0.221821	0	-1.61983	-5.96196	0
13.68	1	3e-06	-1.01001	0.10059	0	-0.879323	-6.1162	0
13.7	1	3e-06	-1.02009	-0.0228275	0	-0.125262	-6.17971	0
13.72	1	3e-06	-1.01502	-0.146599	0	0.6315	-6.15141	0
13.74	1	3e-06	-0.994833	-0.268884	0	1.38002	-6.03147	0
13.76	1	3e-06	-0.959815	-0.387858	0	2.10941	-5.82131	0
13.78	1	3e-06	-0.910456	-0.501737	0	2.80894	-5.52361	0
13.8	1	3e-06	-0.847457	-0.608803	0	3.4682	-5.14228	0
13.82	1	3e-06	-0.771727	-0.707429	0	4.07726	-4.68249	0
13.84	1	3e-06	-0.684366	-0.796102	0	4.62675	-4.15055	0
13.86	1	3e-06	-0.586656	-0.87345	0	5.10807	-3.55392	0
13.88	1	3e-06	-0.480043	-0.938259	0	5.51347	-2.90113	0
13.9	1	3e-06	-0.366117	-0.989495	0	5.83625	-2.20165	0
13.92	1	3e-06	-0.246592	-1.02632	0	6.07085	-1.46582	0
13.94	1	3e-06	-0.123282	-1.04813	0	6.21298	-0.704684	0
13.96	1	3e-06	0.0019272	-1.05451	0	6.25973	0.0701355	0
13.98	1	3e-06	0.127107	-1.04532	0	6.20967	0.846632	0
14	1	3e-06	0.250314	-1.02064	0	6.06289	1.6126	0
14.02	1	3e-06	0.369622	-0.980815	0	5.82108	2.35582	0
14.04	1	3e-06	0.483156	-0.92641	0	5.4875	3.06432	0
14.06	1	3e-06	0.589121	-0.858242	0	5.067	3.72654	0
14.08	1	3e-06	0.685835	-0.777348	0	4.56591	4.33161	0
14.1	1	3e-06	0.771757	-0.684977	0	3.99203	4.86951	0
14.12	1	3e-06	0.845516	-0.582567	0	3.35443	5.3313	0
14.14	1	3e-06	0.905934	-0.471725	0	2.66332	5.70931	0
14.16	1	3e-06	0.952048	-0.354195	0	1.92988	5.99729	0
14.18	1	3e-06	0.983128	-0.231834	0	1.16603	6.19051	0
14.2	1	3e-06	0.998689	-0.106575	0	0.384215	6.28589	0
14.22	1	3e-06	0.998497	0.0196011	0	-0.402835	6.28204	0
14.24	1	3e-06	0.982575	0.144706	0	-1.18236	6.17928	0
14.26	1	3e-06	0.951203	0.266772	0	-1.9418	5.9796	0
14.28	1	3e-06	0.904904	0.383889	0	-2.66904	5.68664	0
14.3	1	3e-06	0.844442	0.494237	0	-3.35259	5.30555	0
14.32	1	3e-06	0.770801	0.596111	0	-3.98184	4.84289	0
14.34	1	3e-06	0.685169	0.687953	0	-4.54719	4.30649	0
14.36	1	3e-06	0.588914	0.768371	0	-5.04018	3.70528	0
14.38	1	3e-06	0.483562	0.836165	0	-5.45366	3.0491	0
14.4	1	3e-06	0.370769	0.890336	0	-5.7818	2.3485	0
14.42	1	3e-06	0.252291	0.930106	0	-6.02023	1.61458	0
14.44	1	3e-06	0.12996	0.95492	0	-6.16598	0.858792	0
14.46	1	3e-06	0.00565173	0.964458	0	-6.21755	0.0927201	0
14.48	1	3e-06	-0.118742	0.95863	0	-6.17485	-0.672054	0
14.5	1	3e-06	-0.241342	0.937577	0	-6.03917	-1.42414	0
14.52	1	3e-06	-0.360309	0.901666	0	-5.81314	-2.15248	0
14.54	1	3e-06	-0.473868	0.851479	0	-5.50063	-2.8465	0
14.56	1	3e-06	-0.580335	0.787807	0	-5.10669	-3.49622	0
14.58	1	3e-06	-0.678137	0.711631	0	-4.63743	-4.09241	0
14.6	1	3e-06	-0.765833	0.62411	0	-4.09998	-4.62663	0
14.62	1	3e-06	-0.842137	0.526565	0	-3.50232	-5.09136	0
14.64	1	3e-06	-0.905927	0.420456	0	-2.8532	-5.48005	0
14.66	1	3e-06	-0.956265	0.307363	0	-2.16205	-5.78723	0
14.68	1	3e-06	-0.992409	0.188967	0	-1.43884	-6.00852	0
14.7	1	3e-06	-1.01382	0.0670219	0	-0.693965	-6.14071	0
14.72	1	3e-06	-1.02017	-0.0566625	0	0.0618716	-6.18178	0
14.74	1	3e-06	-1.01134	-0.18025	0	0.817773	-6.13094	0
14.76	1	3e-06	-0.987457	-0.301901	0	1.56279	-5.98864	0
14.78	1	3e-06	-0.948832	-0.419796	0	2.28604	-5.75661	0
14.8	1	3e-06	-0.896015	-0.532165	0	2.97685	-5.43781	0
14.82	1	3e-06	-0.829758	-0.637309	0	3.6249	-5.03647	0
14.84	1	3e-06	-0.751018	-0.733624	0	4.22035	-4.55804	0
14.86	1	3e-06	-0.660943	-0.81963	0	4.75399	-4.00912	0
14.88	1	3e-06	-0.560858	-0.893989	0	5.2174	-3.39746	0
14.9	1	3e-06	-0.452247	-0.955528	0	5.60307	-2.73184	0
14.92	1	3e-06	-0.336734	-1.00326	0	5.90454	-2.02197	0
14.94	1	3e-06	-0.216064	-1.03641	0	6.11655	-1.27841	0
14.96	1	3e-06	-0.092072	-1.0544	0	6.23514	-0.512384	0
14.98	1	3e-06	0.0333415	-1.0569	0	6.25776	0.264356	0
15	1	3e-06	0.158238	-1.04382	0	6.18336	1.03971	0
15.02	1	3e-06	0.280676	-1.01531	0	6.01243	1.80142	0
15.04	1	3e-06	0.398735	-0.971764	0	5.74708	2.53731	0
15.06	1	3e-06	0.510558	-0.913818	0	5.39098	3.23546	0
15.08	1	3e-06	0.614374	-0.842345	0	4.94937	3.88445	0
15.1	1	3e-06	0.708532	-0.758439	0	4.42901	4.47361	0
15.12	1	3e-06	0.791533	-0.6634	0	3.83802	4.99318	0
15.14	1	3e-06	0.862052	-0.558712	0	3.18581	5.43452	0
15.16	1	3e-06	0.918965	-0.446019	0	2.48286	5.79033	0
15.18	1	3e-06	0.961366	-0.327099	0	1.74058	6.05472	0
15.2	1	3e-06	0.988588	-0.203831	0	0.97105	6.22342	0
15.22	1	3e-06	1.00021	-0.0781629	0	0.186803	6.29378	0
15.24	1	3e-06	0.99606	0.0479197	0	-0.599404	6.26485	0
15.26	1	3e-06	0.976232	0.172431	0	-1.37485	6.13741	0
15.28	1	3e-06	0.941066	0.293416	0	-2.12707	5.91388	0
15.3	1	3e-06	0.89115	0.408986	0	-2.84412	5.59829	0
15.32	1	3e-06	0.827302	0.517347	0	-3.51473	5.19617	0
15.34	1	3e-06	0.750561	0.616833	0	-4.12854	4.71442	0
15.36	1	3e-06	0.662161	0.705924	0	-4.67626	4.16116	0
15.38	1	3e-06	0.563512	0.783279	0	-5.14976	3.54553	0
15.4	1	3e-06	0.456172	0.847746	0	-5.54223	2.87756	0
15.42	1	3e-06	0.341823	0.898382	0	-5.84822	2.16796	0
15.44	1	3e-06	0.222243	0.934465	0	-6.06372	1.42789	0
15.46	1	3e-06	0.099275	0.955499	0	-6.18612	0.668831	0
15.48	1	3e-06	-0.0252013	0.96122	0	-6.21428	-0.0976334	0
15.5	1	3e-06	-0.149296	0.951595	0	-6.14845	-0.859978	0
15.52	1	3e-06	-0.271139	0.926821	0	-5.99024	-1.6069	0
15.54	1	3e-06	-0.388906	0.88732	0	-5.7426	-2.32746	0
15.56	1	3e-06	-0.500844	0.833724	0	-5.40965	-3.01125	0
15.58	1	3e-06	-0.605293	0.76687	0	-4.99672	-3.64846	0
15.6	1	3e-06	-0.700713	0.687786	0	-4.51016	-4.23004	0
15.62	1	3e-06	-0.7857	0.597669	0	-3.95728	-4.74778	0
15.64	1	3e-06	-0.859005	0.497875	0	-3.34625	-5.19438	0
15.66	1	3e-06	-0.919551	0.389894	0	-2.68599	-5.56354	0
15.68	1	3e-06	-0.966446	0.275333	0	-1.98607	-5.85005	0
15.7	1	3e-06	-0.998994	0.155891	0	-1.25654	-6.04978	0
15.72	1	3e-06	-1.01671	0.0333409	0	-0.507901	-6.1598	0
15.74	1	3e-06	-1.01931	-0.090501	0	0.249087	-6.17837	0
15.76	1	3e-06	-1.00674	-0.213794	0	1.0035	-6.10498	0
15.78	1	3e-06	-0.97917	-0.334701	0	1.74437	-5.9404	0
15.8	1	3e-06	-0.936969	-0.451411	0	2.46085	-5.68663	0
15.82	1	3e-06	-0.880736	-0.562166	0	3.14232	-5.34694	0
15.84	1	3e-06	-0.811275	-0.665288	0	3.77855	-4.92587	0
15.86	1	3e-06	-0.729593	-0.759201	0	4.35981	-4.42915	0
15.88	1	3e-06	-0.636882	-0.842454	0	4.87707	-3.86369	0
15.9	1	3e-06	-0.534509	-0.913748	0	5.32208	-3.2375	0
15.92	1	3e-06	-0.423998	-0.971954	0	5.68757	-2.55961	0
15.94	1	3e-06	-0.307006	-1.01613	0	5.96736	-1.83999	0
15.96	1	3e-06	-0.185303	-1.04555	0	6.15648	-1.08938	0
15.98	1	3e-06	-0.0607467	-1.05971	0	6.25131	-0.319194	0
16	1	3e-06	0.0647492	-1.05832	0	6.24968	0.4587	0
16.02	1	3e-06	0.18924	-1.04136	0	6.15092	1.23212	0
16.04	1	3e-06	0.310786	-1.00903	0	5.95593	1.98879	0
16.06	1	3e-06	0.427477	-0.961805	0	5.66723	2.71655	0
16.08	1	3e-06	0.537474	-0.900371	0	5.28892	3.40358	0
16.1	1	3e-06	0.639033	-0.825661	0	4.82663	4.03863	0
16.12	1	3e-06	0.730539	-0.738825	0	4.2875	4.61122	0
16.14	1	3e-06	0.810533	-0.641212	0	3.68002	5.11186	0
16.16	1	3e-06	0.877739	-0.534351	0	3.01389	5.53226	0
16.18	1	3e-06	0.931087	-0.419922	0	2.29987	5.86545	0
16.2	1	3e-06	0.969733	-0.299733	0	1.54955	6.10599	0
16.22	1	3e-06	0.993069	-0.175683	0	0.775172	6.24999	0
16.24	1	3e-06	1.00074	-0.0497336	0	-0.0106592	6.29528	0
16.26	1	3e-06	0.992643	0.0761277	0	-0.79518	6.24136	0
16.28	1	3e-06	0.968933	0.19992	0	-1.56572	6.08942	0
16.3	1	3e-06	0.930014	0.319704	0	-2.30996	5.84233	0
16.32	1	3e-06	0.876535	0.433613	0	-3.01609	5.50452	0
16.34	1	3e-06	0.809371	0.539885	0	-3.67311	5.08186	0
16.36	1	3e-06	0.729611	0.636888	0	-4.27091	4.58158	0
16.38	1	3e-06	0.638535	0.723148	0	-4.80052	4.01206	0
16.4	1	3e-06	0.537592	0.79737	0	-5.25414	3.38268	0
16.42	1	3e-06	0.428371	0.858456	0	-5.62531	2.70364	0
16.44	1	3e-06	0.31258	0.905517	0	-5.90896	1.98574	0
16.46	1	3e-06	0.192013	0.937886	0	-6.10141	1.24024	0
16.48	1	3e-06	0.0685234	0.955127	0	-6.20045	0.478632	0
16.5	1	3e-06	-0.0560052	0.957033	0	-6.20527	-0.287526	0
16.52	1	3e-06	-0.179687	0.943627	0	-6.11645	-1.04677	0
16.54	1	3e-06	-0.300664	0.915163	0	-5.93595	-1.78789	0
16.56	1	3e-06	-0.417126	0.872113	0	-5.66696	-2.50008	0
16.58	1	3e-06	-0.527343	0.815161	0	-5.31393	-3.17308	0
16.6	1	3e-06	-0.629684	0.74519	0	-4.88241	-3.79726	0
16.62	1	3e-06	-0.72264	0.663271	0	-4.37898	-4.36378	0
16.64	1	3e-06	-0.804844	0.570639	0	-3.81115	-4.86463	0
16.66	1	3e-06	-0.875087	0.468685	0	-3.18728	-5.29276	0
16.68	1	3e-06	-0.932336	0.358929	0	-2.51644	-5.6421	0
16.7	1	3e-06	-0.975745	0.243001	0	-1.8083	-5.90769	0
16.72	1	3e-06	-1.00467	0.122621	0	-1.07306	-6.08569	0
16.74	1	3e-06	-1.01867	-0.00042707	0	-0.321276	-6.17343	0
16.76	1	3e-06	-1.01752	-0.124317	0	0.436236	-6.16945	0
16.78	1	3e-06	-1.00122	-0.247205	0	1.18852	-6.07354	0
16.8	1	3e-06	-0.969978	-0.367259	0	1.92461	-5.88675	0
16.82	1	3e-06	-0.924233	-0.482676	0	2.6337	-5.6114	0
16.84	1	3e-06	-0.86463	-0.591715	0	3.30521	-5.25106	0
16.86	1	3e-06	-0.792024	-0.692719	0	3.92901	-4.81056	0
16.88	1	3e-06	-0.707469	-0.784137	0	4.49552	-4.29593	0
16.9	1	3e-06	-0.612202	-0.864556	0	4.99585	-3.71437	0
16.92	1	3e-06	-0.507634	-0.932712	0	5.42197	-3.07416	0
16.94	1	3e-06	-0.395323	-0.987521	0	5.76686	-2.38459	0
16.96	1	3e-06	-0.276959	-1.02809	0	6.0246	-1.65586	0
16.98	1	3e-06	-0.154338	-1.05375	0	6.19055	-0.898912	0
17	1	3e-06	-0.0293367	-1.06405	0	6.26144	-0.125302	0
17.02	1	3e-06	0.0961193	-1.05877	0	6.23546	0.652969	0
17.04	1	3e-06	0.220082	-1.03793	0	6.11235	1.42366	0
17.06	1	3e-06	0.340613	-1.00182	0	5.89342	2.17448	0
17.08	1	3e-06	0.455818	-0.95095	0	5.58161	2.89333	0
17.1	1	3e-06	0.563877	-0.886085	0	5.18141	3.56849	0
17.12	1	3e-06	0.663074	-0.80821	0	4.69889	4.18888	0
17.14	1	3e-06	0.751831	-0.718529	0	4.14154	4.74426	0
17.16	1	3e-06	0.828735	-0.61844	0	3.5182	5.22542	0
17.18	1	3e-06	0.892559	-0.509513	0	2.83886	5.62439	0
17.2	1	3e-06	0.942289	-0.393464	0	2.11453	5.93462	0
17.22	1	3e-06	0.977139	-0.272128	0	1.357	6.15103	0
17.24	1	3e-06	0.996568	-0.147423	0	0.578617	6.27022	0
17.26	1	3e-06	1.00028	-0.0213202	0	-0.207951	6.29042	0
17.28	1	3e-06	0.98825	0.104193	0	-0.989949	6.21159	0
17.3	1	3e-06	0.960686	0.227143	0	-1.75479	6.03539	0
17.32	1	3e-06	0.918059	0.345608	0	-2.49026	5.76506	0
17.34	1	3e-06	0.861076	0.457745	0	-3.18479	5.40544	0
17.36	1	3e-06	0.790668	0.561825	0	-3.82758	4.96274	0
17.38	1	3e-06	0.707974	0.656255	0	-4.40884	4.44451	0
17.4	1	3e-06	0.614316	0.739606	0	-4.91987	3.85937	0
17.42	1	3e-06	0.51118	0.810631	0	-5.35325	3.21692	0
17.44	1	3e-06	0.400187	0.868283	0	-5.70286	2.5275	0
17.46	1	3e-06	0.283066	0.911731	0	-5.96398	1.80204	0
17.48	1	3e-06	0.161628	0.940366	0	-6.13332	1.05182	0
17.5	1	3e-06	0.0377337	0.953805	0	-6.20899	0.28837	0
17.52	1	3e-06	-0.0867319	0.951901	0	-6.19056	-0.476792	0
17.54	1	3e-06	-0.209889	0.934735	0	-6.07892	-1.23227	0
17.56	1	3e-06	-0.329889	0.902612	0	-5.87634	-1.96696	0
17.58	1	3e-06	-0.444943	0.856057	0	-5.58633	-2.67019	0
17.6	1	3e-06	-0.553343	0.795805	0	-5.21356	-3.33186	0
17.62	1	3e-06	-0.653486	0.722784	0	-4.76386	-3.94252	0
17.64	1	3e-06	-0.743898	0.638104	0	-4.24401	-4.49353	0
17.66	1	3e-06	-0.823247	0.543043	0	-3.66173	-4.97711	0
17.68	1	3e-06	-0.890368	0.43902	0	-3.02554	-5.38642	0
17.7	1	3e-06	-0.94427	0.327586	0	-2.34466	-5.71566	0
17.72	1	3e-06	-0.984155	0.210393	0	-1.62891	-5.96012	0
17.74	1	3e-06	-1.00943	0.0891805	0	-0.888551	-6.11622	0
17.76	1	3e-06	-1.0197	-0.034256	0	-0.134235	-6.18158	0
17.78	1	3e-06	-1.0148	-0.158083	0	0.623171	-6.15501	0
17.8	1	3e-06	-0.99477	-0.280457	0	1.37269	-6.03662	0
17.82	1	3e-06	-0.959888	-0.399548	0	2.10337	-5.82773	0
17.84	1	3e-06	-0.910635	-0.513567	0	2.80442	-5.53097	0
17.86	1	3e-06	-0.84771	-0.620787	0	3.46536	-5.15023	0
17.88	1	3e-06	-0.77202	-0.719576	0	4.07614	-4.69061	0
17.9	1	3e-06	-0.684664	-0.808412	0	4.62733	-4.15847	0
17.92	1	3e-06	-0.586926	-0.885914	0	5.11021	-3.56127	0
17.94	1	3e-06	-0.480255	-0.950862	0	5.51697	-2.90758	0
17.96	1	3e-06	-0.366246	-1.00222	0	5.84083	-2.20694	0
17.98	1	3e-06	-0.246621	-1.03914	0	6.07618	-1.46976	0
18	1	3e-06	-0.123199	-1.06101	0	6.21871	-0.707178	0
18.02	1	3e-06	0.00212741	-1.06742	0	6.26548	0.0690951	0
18.04	1	3e-06	0.127421	-1.05824	0	6.21509	0.84696	0
18.06	1	3e-06	0.250731	-1.03355	0	6.06766	1.61412	0
18.08	1	3e-06	0.370127	-0.993675	0	5.82494	2.3583	0
18.1	1	3e-06	0.483728	-0.939213	0	5.49027	3.06745	0
18.12	1	3e-06	0.589737	-0.870977	0	5.06857	3.73	0
18.14	1	3e-06	0.68647	-0.790012	0	4.56629	4.33504	0
18.16	1	3e-06	0.772387	-0.697575	0	3.99129	4.87257	0
18.18	1	3e-06	0.846121	-0.595109	0	3.35274	5.33371	0
18.2	1	3e-06	0.906496	-0.484227	0	2.66092	5.71082	0
18.22	1	3e-06	0.952557	-0.366677	0	1.92707	5.99773	0
18.24	1	3e-06	0.983579	-0.244318	0	1.16315	6.18981	0
18.26	1	3e-06	0.999083	-0.119085	0	0.381607	6.28407	0
18.28	1	3e-06	0.998843	0.00704445	0	-0.40485	6.2792	0
18.3	1	3e-06	0.982889	0.132083	0	-1.1835	6.17562	0
18.32	1	3e-06	0.951503	0.254069	0	-1.94183	5.97538	0
18.34	1	3e-06	0.905216	0.371098	0	-2.66781	5.68217	0
18.36	1	3e-06	0.844792	0.481355	0	-3.35005	5.30118	0
18.38	1	3e-06	0.771215	0.583145	0	-3.97801	4.83898	0
18.4	1	3e-06	0.685672	0.674915	0	-4.54219	4.30338	0
18.42	1	3e-06	0.589528	0.755281	0	-5.03423	3.70327	0
18.44	1	3e-06	0.484304	0.823046	0	-5.44702	3.04843	0
18.46	1	3e-06	0.371648	0.877219	0	-5.77482	2.34934	0
18.48	1	3e-06	0.253311	0.917021	0	-6.01327	1.61702	0
18.5	1	3e-06	0.131117	0.9419	0	-6.15943	0.862806	0
18.52	1	3e-06	0.00693435	0.951534	0	-6.21177	0.0982126	0
18.54	1	3e-06	-0.117353	0.94583	0	-6.17019	-0.665272	0
18.56	1	3e-06	-0.239873	0.924924	0	-6.03592	-1.41633	0
18.58	1	3e-06	-0.358791	0.889177	0	-5.81151	-2.14397	0
18.6	1	3e-06	-0.472334	0.839166	0	-5.50077	-2.83767	0
18.62	1	3e-06	-0.578822	0.775671	0	-5.10864	-3.48747	0
18.64	1	3e-06	-0.676681	0.699668	0	-4.64117	-4.08413	0
18.66	1	3e-06	-0.764469	0.612307	0	-4.10536	-4.6192	0
18.68	1	3e-06	-0.840896	0.5149	0	-3.50912	-5.08512	0
18.7	1	3e-06	-0.904835	0.408902	0	-2.86115	-5.47529	0
18.72	1	3e-06	-0.955343	0.295888	0	-2.1708	-5.78417	0
18.74	1	3e-06	-0.991668	0.177535	0	-1.44801	-6.00729	0
18.76	1	3e-06	-1.01326	0.0555962	0	-0.703147	-6.14134	0
18.78	1	3e-06	-1.01979	-0.0681195	0	0.0530763	-6.18423	0
18.8	1	3e-06	-1.01114	-0.191774	0	0.809743	-6.13507	0
18.82	1	3e-06	-0.987404	-0.313523	0	1.55586	-5.99423	0
18.84	1	3e-06	-0.948906	-0.431543	0	2.28049	-5.76336	0
18.86	1	3e-06	-0.896184	-0.544057	0	2.97288	-5.44538	0
18.88	1	3e-06	-0.82999	-0.649359	0	3.62262	-5.04449	0
18.9	1	3e-06	-0.751278	-0.745837	0	4.21979	-4.56611	0
18.92	1	3e-06	-0.661197	-0.832003	0	4.75509	-4.01686	0
18.94	1	3e-06	-0.561074	-0.906511	0	5.22	-3.40451	0
18.96	1	3e-06	-0.452396	-0.968183	0	5.60694	-2.7379	0
18.98	1	3e-06	-0.336796	-1.01603	0	5.90938	-2.0268	0
19	1	3e-06	-0.216021	-1.04925	0	6.12202	-1.28185	0
19.02	1	3e-06	-0.0919144	-1.0673	0	6.24088	-0.514368	0
19.04	1	3e-06	0.0336146	-1.06983	0	6.2634	0.263801	0
19.06	1	3e-06	0.158621	-1.05675	0	6.18855	1.04047	0
19.08	1	3e-06	0.281156	-1.02821	0	6.01688	1.8033	0
19.1	1	3e-06	0.399296	-0.984613	0	5.75054	2.54003	0
19.12	1	3e-06	0.511177	-0.926606	0	5.3933	3.23872	0
19.14	1	3e-06	0.615028	-0.855064	0	4.95049	3.88791	0
19.16	1	3e-06	0.709196	-0.771089	0	4.42895	4.47692	0
19.18	1	3e-06	0.792185	-0.675987	0	3.8369	4.99601	0
19.2	1	3e-06	0.862672	-0.571248	0	3.18382	5.4366	0
19.22	1	3e-06	0.919537	-0.458523	0	2.48027	5.79144	0
19.24	1	3e-06	0.961882	-0.339591	0	1.73771	6.05473	0
19.26	1	3e-06	0.989045	-0.216334	0	0.968224	6.22228	0
19.28	1	3e-06	1.00061	-0.0906999	0	0.184366	6.29155	0
19.3	1	3e-06	0.996419	0.0353276	0	-0.601138	6.26166	0
19.32	1	3e-06	0.976565	0.159766	0	-1.37561	6.13348	0
19.34	1	3e-06	0.941395	0.280666	0	-2.12666	5.9095	0
19.36	1	3e-06	0.891499	0.396146	0	-2.84242	5.59378	0
19.38	1	3e-06	0.827699	0.504418	0	-3.51171	5.19189	0
19.4	1	3e-06	0.751032	0.603821	0	-4.12426	4.71072	0
19.42	1	3e-06	0.662729	0.692847	0	-4.67087	4.15837	0
19.44	1	3e-06	0.564198	0.770156	0	-5.1435	3.54394	0
19.46	1	3e-06	0.45699	0.834605	0	-5.5354	2.87738	0
19.48	1	3e-06	0.342782	0.885253	0	-5.84117	2.16933	0
19.5	1	3e-06	0.223344	0.921379	0	-6.05682	1.43086	0
19.52	1	3e-06	0.10051	0.942488	0	-6.17976	0.673365	0
19.54	1	3e-06	-0.0238463	0.948314	0	-6.20881	-0.0916713	0
19.56	1	3e-06	-0.147843	0.938822	0	-6.14421	-0.852805	0
19.58	1	3e-06	-0.269615	0.914203	0	-5.98749	-1.5988	0
19.6	1	3e-06	-0.387343	0.874871	0	-5.74153	-2.31879	0
19.62	1	3e-06	-0.499276	0.821452	0	-5.41038	-3.00238	0
19.64	1	3e-06	-0.603759	0.754776	0	-4.99927	-3.6398	0
19.66	1	3e-06	-0.699248	0.675861	0	-4.51445	-4.22199	0
19.68	1	3e-06	-0.784337	0.585897	0	-3.96315	-4.74069	0
19.7	1	3e-06	-0.857775	0.486233	0	-3.35347	-5.18859	0
19.72	1	3e-06	-0.918477	0.378353	0	-2.69425	-5.55932	0
19.74	1	3e-06	-0.965545	0.26386	0	-1.99499	-5.84757	0
19.76	1	3e-06	-0.998277	0.14445	0	-1.26575	-6.04915	0
19.78	1	3e-06	-1.01618	0.0218939	0	-0.516993	-6.16103	0
19.8	1	3e-06	-1.01896	-0.101991	0	0.240511	-6.18137	0
19.82	1	3e-06	-1.00655	-0.225362	0	0.995802	-6.1096	0
19.84	1	3e-06	-0.979124	-0.346376	0	1.73788	-5.94638	0
19.86	1	3e-06	-0.93704	-0.463217	0	2.45581	-5.69367	0
19.88	1	3e-06	-0.880892	-0.574123	0	3.13891	-5.35468	0
19.9	1	3e-06	-0.811483	-0.677405	0	3.77684	-4.93393	0
19.92	1	3e-06	-0.729817	-0.77148	0	4.35981	-4.43713	0
19.94	1	3e-06	-0.637089	-0.85489	0	4.87868	-3.87121	0
19.96	1	3e-06	-0.534669	-0.926328	0	5.32511	-3.24422	0
19.98	1	3e-06	-0.424084	-0.984658	0	5.69177	-2.56525	0
20	1	3e-06	-0.306998	-1.02894	0	5.97242	-1.84434	0
