0	0
0.005	0
0.01	0
0.015	0
0.02	0
0.025	0
0.03	0
0.035	0
0.04	0
0.045	0
0.05	0
0.055	0
0.06	0
0.065	0
0.07	0
0.075	0
0.08	0
0.085	0
0.09	0
0.095	0
0.1	0
0.105	0
0.11	0
0.115	0
0.12	0
0.125	0
0.13	0
0.135	0
0.14	0
0.145	0
0.15	0
0.155	0
0.16	0
0.165	0
0.17	0
0.175	0
0.18	0
0.185	0
0.19	0
0.195	0
0.2	0
0.205	0
0.21	0
0.215	0
0.22	0
0.225	0
0.23	0
0.235	0
0.24	0
0.245	0
0.25	0
0.255	0
0.26	0
0.265	0
0.27	0
0.275	0
0.28	0
0.285	0
0.29	0
0.295	0
0.3	0
0.305	0
0.31	0
0.315	0
0.32	0
0.325	0
0.33	0
0.335	0
0.34	0
0.345	0
0.35	0
0.355	0
0.36	0
0.365	0
0.37	0
0.375	0
0.38	0
0.385	0
0.39	0
0.395	0
0.4	0
0.405	0
0.41	0
0.415	0
0.42	0
0.425	0
0.43	0
0.435	0
0.44	0
0.445	0
0.45	0
0.455	0
0.46	0
0.465	0
0.47	0
0.475	0
0.48	0
0.485	0
0.49	0
0.495	0
0.5	0
0.505	0
0.51	0
0.515	0
0.52	1
0.525	1
0.53	1
0.535	1
0.54	1
0.545	1
0.55	1
0.555	1
0.56	1
0.565	1
0.57	1
0.575	1
0.58	1
0.585	1
0.59	1
0.595	1
0.6	1
0.605	1
0.61	1
0.615	1
0.62	1
0.625	1
0.63	1
0.635	1
0.64	1
0.645	1
0.65	1
0.655	1
0.66	1
0.665	1
0.67	1
0.675	1
0.68	1
0.685	1
0.69	1
0.695	1
0.7	1
0.705	1
0.71	1
0.715	1
0.72	1
0.725	1
0.73	1
0.735	1
0.74	1
0.745	1
0.75	1
0.755	1
0.76	1
0.765	1
0.77	1
0.775	1
0.78	1
0.785	1
0.79	1
0.795	1
0.8	1
0.805	1
0.81	1
0.815	1
0.82	1
0.825	1
0.83	1
0.835	1
0.84	1
0.845	1
0.85	1
0.855	1
0.86	1
0.865	1
0.87	1
0.875	1
0.88	1
0.885	1
0.89	1
0.895	1
0.9	1
0.905	1
0.91	1
0.915	1
0.92	1
0.925	1
0.93	1
0.935	1
0.94	1
0.945	1
0.95	1
0.955	1
0.96	1
0.965	1
0.97	1
0.975	1
0.98	1
0.985	1
0.99	1
0.995	1
1	1
1.005	1
1.01	1
1.015	1
1.02	1
1.025	1
1.03	1
1.035	1
1.04	1
1.045	1
1.05	1
1.055	1
1.06	1
1.065	1
1.07	1
1.075	1
1.08	1
1.085	1
1.09	1
1.095	1
1.1	1
1.105	1
1.11	1
1.115	1
1.12	1
1.125	1
1.13	1
1.135	1
1.14	1
1.145	1
1.15	1
1.155	1
1.16	1
1.165	1
1.17	1
1.175	1
1.18	1
1.185	1
1.19	1
1.195	1
1.2	1
1.205	1
1.21	1
1.215	1
1.22	1
1.225	1
1.23	1
1.235	1
1.24	1
1.245	1
1.25	1
1.255	1
1.26	1
1.265	1
1.27	1
1.275	1
1.28	1
1.285	1
1.29	1
1.295	1
1.3	1
1.305	1
1.31	1
1.315	1
1.32	1
1.325	1
1.33	1
1.335	1
1.34	1
1.345	1
1.35	1
1.355	1
1.36	1
1.365	1
1.37	1
1.375	1
1.38	1
1.385	1
1.39	1
1.395	1
1.4	1
1.405	1
1.41	1
1.415	1
1.42	1
1.425	1
1.43	1
1.435	1
1.44	1
1.445	1
1.45	1
1.455	1
1.46	1
1.465	1
1.47	1
1.475	1
1.48	1
1.485	1
1.49	1
1.495	1
1.5	1
1.505	1
1.51	1
1.515	1
1.52	1
1.525	1
1.53	1
1.535	1
1.54	1
1.545	1
1.55	1
1.555	1
1.56	1
1.565	1
1.57	1
1.575	1
1.58	1
1.585	1
1.59	1
1.595	1
1.6	1
1.605	1
1.61	1
1.615	1
1.62	1
1.625	1
1.63	1
1.635	1
1.64	1
1.645	1
1.65	1
1.655	1
1.66	1
1.665	1
1.67	1
1.675	1
1.68	1
1.685	1
1.69	1
1.695	1
1.7	1
1.705	1
1.71	1
1.715	1
1.72	1
1.725	1
1.73	1
1.735	1
1.74	1
1.745	1
1.75	1
1.755	1
1.76	1
1.765	1
1.77	1
1.775	1
1.78	1
1.785	1
1.79	1
1.795	1
1.8	1
1.805	1
1.81	1
1.815	1
1.82	1
1.825	1
1.83	1
1.835	1
1.84	1
1.845	1
1.85	1
1.855	1
1.86	1
1.865	1
1.87	1
1.875	1
1.88	1
1.885	1
1.89	1
1.895	1
1.9	1
1.905	1
1.91	1
1.915	1
1.92	1
1.925	1
1.93	1
1.935	1
1.94	1
1.945	1
1.95	1
1.955	1
1.96	1
1.965	1
1.97	1
1.975	1
1.98	1
1.985	1
1.99	1
1.995	1
2	1
2.005	1
2.01	1
2.015	1
2.02	1
2.025	1
2.03	1
2.035	1
2.04	1
2.045	1
2.05	1
2.055	1
2.06	1
2.065	1
2.07	1
2.075	1
2.08	1
2.085	1
2.09	1
2.095	1
2.1	1
2.105	1
2.11	1
2.115	1
2.12	1
2.125	1
2.13	1
2.135	1
2.14	1
2.145	1
2.15	1
2.155	1
2.16	1
2.165	1
2.17	1
2.175	1
2.18	1
2.185	1
2.19	1
2.195	1
2.2	1
2.205	1
2.21	1
2.215	1
2.22	1
2.225	1
2.23	1
2.235	1
2.24	1
2.245	1
2.25	1
2.255	1
2.26	1
2.265	1
2.27	1
2.275	1
2.28	1
2.285	1
2.29	1
2.295	1
2.3	1
2.305	1
2.31	1
2.315	1
2.32	1
2.325	1
2.33	1
2.335	1
2.34	1
2.345	1
2.35	1
2.355	1
2.36	1
2.365	1
2.37	1
2.375	1
2.38	1
2.385	1
2.39	1
2.395	1
2.4	1
2.405	1
2.41	1
2.415	1
2.42	1
2.425	1
2.43	1
2.435	1
2.44	1
2.445	1
2.45	1
2.455	1
2.46	1
2.465	1
2.47	1
2.475	1
2.48	1
2.485	1
2.49	1
2.495	1
2.5	1
2.505	1
2.51	1
2.515	1
2.52	1
2.525	1
2.53	1
2.535	1
2.54	1
2.545	1
2.55	1
2.555	1
2.56	1
2.565	1
2.57	1
2.575	1
2.58	1
2.585	1
2.59	1
2.595	1
2.6	1
2.605	1
2.61	1
2.615	1
2.62	1
2.625	1
2.63	1
2.635	1
2.64	1
2.645	1
2.65	1
2.655	1
2.66	1
2.665	1
2.67	1
2.675	1
2.68	1
2.685	1
2.69	1
2.695	1
2.7	1
2.705	1
2.71	1
2.715	1
2.72	1
2.725	1
2.73	1
2.735	1
2.74	1
2.745	1
2.75	1
2.755	1
2.76	1
2.765	1
2.77	1
2.775	1
2.78	1
2.785	1
2.79	1
2.795	1
2.8	1
2.805	1
2.81	1
2.815	1
2.82	1
2.825	1
2.83	1
2.835	1
2.84	1
2.845	1
2.85	1
2.855	1
2.86	1
2.865	1
2.87	1
2.875	1
2.88	1
2.885	1
2.89	1
2.895	1
2.9	1
2.905	1
2.91	1
2.915	1
2.92	1
2.925	1
2.93	1
2.935	1
2.94	1
2.945	1
2.95	1
2.955	1
2.96	1
2.965	1
2.97	1
2.975	1
2.98	1
2.985	1
2.99	1
2.995	1
3	1
3.005	1
3.01	1
3.015	1
3.02	1
3.025	1
3.03	1
3.035	1
3.04	1
3.045	1
3.05	1
3.055	1
3.06	1
3.065	1
3.07	1
3.075	1
3.08	1
3.085	1
3.09	1
3.095	1
3.1	1
3.105	1
3.11	1
3.115	1
3.12	1
3.125	1
3.13	1
3.135	1
3.14	1
3.145	1
3.15	1
3.155	1
3.16	1
3.165	1
3.17	1
3.175	1
3.18	1
3.185	1
3.19	1
3.195	1
3.2	1
3.205	1
3.21	1
3.215	1
3.22	1
3.225	1
3.23	1
3.235	1
3.24	1
3.245	1
3.25	1
3.255	1
3.26	1
3.265	1
3.27	1
3.275	1
3.28	1
3.285	1
3.29	1
3.295	1
3.3	1
3.305	1
3.31	1
3.315	1
3.32	1
3.325	1
3.33	1
3.335	1
3.34	1
3.345	1
3.35	1
3.355	1
3.36	1
3.365	1
3.37	1
3.375	1
3.38	1
3.385	1
3.39	1
3.395	1
3.4	1
3.405	1
3.41	1
3.415	1
3.42	1
3.425	1
3.43	1
3.435	1
3.44	1
3.445	1
3.45	1
3.455	1
3.46	1
3.465	1
3.47	1
3.475	1
3.48	1
3.485	1
3.49	1
3.495	1
3.5	1
3.505	1
3.51	1
3.515	1
3.52	1
3.525	1
3.53	1
3.535	1
3.54	1
3.545	1
3.55	1
3.555	1
3.56	1
3.565	1
3.57	1
3.575	1
3.58	1
3.585	1
3.59	1
3.595	1
3.6	1
3.605	1
3.61	1
3.615	1
3.62	1
3.625	1
3.63	1
3.635	1
3.64	1
3.645	1
3.65	1
3.655	1
3.66	1
3.665	1
3.67	1
3.675	1
3.68	1
3.685	1
3.69	1
3.695	1
3.7	1
3.705	1
3.71	1
3.715	1
3.72	1
3.725	1
3.73	1
3.735	1
3.74	1
3.745	1
3.75	1
3.755	1
3.76	1
3.765	1
3.77	1
3.775	1
3.78	1
3.785	1
3.79	1
3.795	1
3.8	1
3.805	1
3.81	1
3.815	1
3.82	1
3.825	1
3.83	1
3.835	1
3.84	1
3.845	1
3.85	1
3.855	1
3.86	1
3.865	1
3.87	1
3.875	1
3.88	1
3.885	1
3.89	1
3.895	1
3.9	1
3.905	1
3.91	1
3.915	1
3.92	1
3.925	1
3.93	1
3.935	1
3.94	1
3.945	1
3.95	1
3.955	1
3.96	1
3.965	1
3.97	1
3.975	1
3.98	1
3.985	1
3.99	1
3.995	1
4	1
4.005	1
4.01	1
4.015	1
4.02	1
4.025	1
4.03	1
4.035	1
4.04	1
4.045	1
4.05	1
4.055	1
4.06	1
4.065	1
4.07	1
4.075	1
4.08	1
4.085	1
4.09	1
4.095	1
4.1	1
4.105	1
4.11	1
4.115	1
4.12	1
4.125	1
4.13	1
4.135	1
4.14	1
4.145	1
4.15	1
4.155	1
4.16	1
4.165	1
4.17	1
4.175	1
4.18	1
4.185	1
4.19	1
4.195	1
4.2	1
4.205	1
4.21	1
4.215	1
4.22	1
4.225	1
4.23	1
4.235	1
4.24	1
4.245	1
4.25	1
4.255	1
4.26	1
4.265	1
4.27	1
4.275	1
4.28	1
4.285	1
4.29	1
4.295	1
4.3	1
4.305	1
4.31	1
4.315	1
4.32	1
4.325	1
4.33	1
4.335	1
4.34	1
4.345	1
4.35	1
4.355	1
4.36	1
4.365	1
4.37	1
4.375	1
4.38	1
4.385	1
4.39	1
4.395	1
4.4	1
4.405	1
4.41	1
4.415	1
4.42	1
4.425	1
4.43	1
4.435	1
4.44	1
4.445	1
4.45	1
4.455	1
4.46	1
4.465	1
4.47	1
4.475	1
4.48	1
4.485	1
4.49	1
4.495	1
4.5	1
4.505	1
4.51	1
4.515	1
4.52	1
4.525	1
4.53	1
4.535	1
4.54	1
4.545	1
4.55	1
4.555	1
4.56	1
4.565	1
4.57	1
4.575	1
4.58	1
4.585	1
4.59	1
4.595	1
4.6	1
4.605	1
4.61	1
4.615	1
4.62	1
4.625	1
4.63	1
4.635	1
4.64	1
4.645	1
4.65	1
4.655	1
4.66	1
4.665	1
4.67	1
4.675	1
4.68	1
4.685	1
4.69	1
4.695	1
4.7	1
4.705	1
4.71	1
4.715	1
4.72	1
4.725	1
4.73	1
4.735	1
4.74	1
4.745	1
4.75	1
4.755	1
4.76	1
4.765	1
4.77	1
4.775	1
4.78	1
4.785	1
4.79	1
4.795	1
4.8	1
4.805	1
4.81	1
4.815	1
4.82	1
4.825	1
4.83	1
4.835	1
4.84	1
4.845	1
4.85	1
4.855	1
4.86	1
4.865	1
4.87	1
4.875	1
4.88	1
4.885	1
4.89	1
4.895	1
4.9	1
4.905	1
4.91	1
4.915	1
4.92	1
4.925	1
4.93	1
4.935	1
4.94	1
4.945	1
4.95	1
4.955	1
4.96	1
4.965	1
4.97	1
4.975	1
4.98	1
4.985	1
4.99	1
4.995	1
5	1
5.005	1
5.01	1
5.015	1
5.02	1
5.025	1
5.03	1
5.035	1
5.04	1
5.045	1
5.05	1
5.055	1
5.06	1
5.065	1
5.07	1
5.075	1
5.08	1
5.085	1
5.09	1
5.095	1
5.1	1
5.105	1
5.11	1
5.115	1
5.12	1
5.125	1
5.13	1
5.135	1
5.14	1
5.145	1
5.15	1
5.155	1
5.16	1
5.165	1
5.17	1
5.175	1
5.18	1
5.185	1
5.19	1
5.195	1
5.2	1
5.205	1
5.21	1
5.215	1
5.22	1
5.225	1
5.23	1
5.235	1
5.24	1
5.245	1
5.25	1
5.255	1
5.26	1
5.265	1
5.27	1
5.275	1
5.28	1
5.285	1
5.29	1
5.295	1
5.3	1
5.305	1
5.31	1
5.315	1
5.32	1
5.325	1
5.33	1
5.335	1
5.34	1
5.345	1
5.35	1
5.355	1
5.36	1
5.365	1
5.37	1
5.375	1
5.38	1
5.385	1
5.39	1
5.395	1
5.4	1
5.405	1
5.41	1
5.415	1
5.42	1
5.425	1
5.43	1
5.435	1
5.44	1
5.445	1
5.45	1
5.455	1
5.46	1
5.465	1
5.47	1
5.475	1
5.48	1
5.485	1
5.49	1
5.495	1
5.5	1
5.505	1
5.51	1
5.515	1
5.52	1
5.525	1
5.53	1
5.535	1
5.54	1
5.545	1
5.55	1
5.555	1
5.56	1
5.565	1
5.57	1
5.575	1
5.58	1
5.585	1
5.59	1
5.595	1
5.6	1
5.605	1
5.61	1
5.615	1
5.62	1
5.625	1
5.63	1
5.635	1
5.64	1
5.645	1
5.65	1
5.655	1
5.66	1
5.665	1
5.67	1
5.675	1
5.68	1
5.685	1
5.69	1
5.695	1
5.7	1
5.705	1
5.71	1
5.715	1
5.72	1
5.725	1
5.73	1
5.735	1
5.74	1
5.745	1
5.75	1
5.755	1
5.76	1
5.765	1
5.77	1
5.775	1
5.78	1
5.785	1
5.79	1
5.795	1
5.8	1
5.805	1
5.81	1
5.815	1
5.82	1
5.825	1
5.83	1
5.835	1
5.84	1
5.845	1
5.85	1
5.855	1
5.86	1
5.865	1
5.87	1
5.875	1
5.88	1
5.885	1
5.89	1
5.895	1
5.9	1
5.905	1
5.91	1
5.915	1
5.92	1
5.925	1
5.93	1
5.935	1
5.94	1
5.945	1
5.95	1
5.955	1
5.96	1
5.965	1
5.97	1
5.975	1
5.98	1
5.985	1
5.99	1
5.995	1
6	1
6.005	1
6.01	1
6.015	1
6.02	1
6.025	1
6.03	1
6.035	1
6.04	1
6.045	1
6.05	1
6.055	1
6.06	1
6.065	1
6.07	1
6.075	1
6.08	1
6.085	1
6.09	1
6.095	1
6.1	1
6.105	1
6.11	1
6.115	1
6.12	1
6.125	1
6.13	1
6.135	1
6.14	1
6.145	1
6.15	1
6.155	1
6.16	1
6.165	1
6.17	1
6.175	1
6.18	1
6.185	1
6.19	1
6.195	1
6.2	1
6.205	1
6.21	1
6.215	1
6.22	1
6.225	1
6.23	1
6.235	1
6.24	1
6.245	1
6.25	1
6.255	1
6.26	1
6.265	1
6.27	1
6.275	1
6.28	1
6.285	1
6.29	1
6.295	1
6.3	1
6.305	1
6.31	1
6.315	1
6.32	1
6.325	1
6.33	1
6.335	1
6.34	1
6.345	1
6.35	1
6.355	1
6.36	1
6.365	1
6.37	1
6.375	1
6.38	1
6.385	1
6.39	1
6.395	1
6.4	1
6.405	1
6.41	1
6.415	1
6.42	1
6.425	1
6.43	1
6.435	1
6.44	1
6.445	1
6.45	1
6.455	1
6.46	1
6.465	1
6.47	1
6.475	1
6.48	1
6.485	1
6.49	1
6.495	1
6.5	1
6.505	1
6.51	1
6.515	1
6.52	1
6.525	1
6.53	1
6.535	1
6.54	1
6.545	1
6.55	1
6.555	1
6.56	1
6.565	1
6.57	1
6.575	1
6.58	1
6.585	1
6.59	1
6.595	1
6.6	1
6.605	1
6.61	1
6.615	1
6.62	1
6.625	1
6.63	1
6.635	1
6.64	1
6.645	1
6.65	1
6.655	1
6.66	1
6.665	1
6.67	1
6.675	1
6.68	1
6.685	1
6.69	1
6.695	1
6.7	1
6.705	1
6.71	1
6.715	1
6.72	1
6.725	1
6.73	1
6.735	1
6.74	1
6.745	1
6.75	1
6.755	1
6.76	1
6.765	1
6.77	1
6.775	1
6.78	1
6.785	1
6.79	1
6.795	1
6.8	1
6.805	1
6.81	1
6.815	1
6.82	1
6.825	1
6.83	1
6.835	1
6.84	1
6.845	1
6.85	1
6.855	1
6.86	1
6.865	1
6.87	1
6.875	1
6.88	1
6.885	1
6.89	1
6.895	1
6.9	1
6.905	1
6.91	1
6.915	1
6.92	1
6.925	1
6.93	1
6.935	1
6.94	1
6.945	1
6.95	1
6.955	1
6.96	1
6.965	1
6.97	1
6.975	1
6.98	1
6.985	1
6.99	1
6.995	1
7	1
7.005	1
7.01	1
7.015	1
7.02	1
7.025	1
7.03	1
7.035	1
7.04	1
7.045	1
7.05	1
7.055	1
7.06	1
7.065	1
7.07	1
7.075	1
7.08	1
7.085	1
7.09	1
7.095	1
7.1	1
7.105	1
7.11	1
7.115	1
7.12	1
7.125	1
7.13	1
7.135	1
7.14	1
7.145	1
7.15	1
7.155	1
7.16	1
7.165	1
7.17	1
7.175	1
7.18	1
7.185	1
7.19	1
7.195	1
7.2	1
7.205	1
7.21	1
7.215	1
7.22	1
7.225	1
7.23	1
7.235	1
7.24	1
7.245	1
7.25	1
7.255	1
7.26	1
7.265	1
7.27	1
7.275	1
7.28	1
7.285	1
7.29	1
7.295	1
7.3	1
7.305	1
7.31	1
7.315	1
7.32	1
7.325	1
7.33	1
7.335	1
7.34	1
7.345	1
7.35	1
7.355	1
7.36	1
7.365	1
7.37	1
7.375	1
7.38	1
7.385	1
7.39	1
7.395	1
7.4	1
7.405	1
7.41	1
7.415	1
7.42	1
7.425	1
7.43	1
7.435	1
7.44	1
7.445	1
7.45	1
7.455	1
7.46	1
7.465	1
7.47	1
7.475	1
7.48	1
7.485	1
7.49	1
7.495	1
7.5	1
7.505	1
7.51	1
7.515	1
7.52	1
7.525	1
7.53	1
7.535	1
7.54	1
7.545	1
7.55	1
7.555	1
7.56	1
7.565	1
7.57	1
7.575	1
7.58	1
7.585	1
7.59	1
7.595	1
7.6	1
7.605	1
7.61	1
7.615	1
7.62	1
7.625	1
7.63	1
7.635	1
7.64	1
7.645	1
7.65	1
7.655	1
7.66	1
7.665	1
7.67	1
7.675	1
7.68	1
7.685	1
7.69	1
7.695	1
7.7	1
7.705	1
7.71	1
7.715	1
7.72	1
7.725	1
7.73	1
7.735	1
7.74	1
7.745	1
7.75	1
7.755	1
7.76	1
7.765	1
7.77	1
7.775	1
7.78	1
7.785	1
7.79	1
7.795	1
7.8	1
7.805	1
7.81	1
7.815	1
7.82	1
7.825	1
7.83	1
7.835	1
7.84	1
7.845	1
7.85	1
7.855	1
7.86	1
7.865	1
7.87	1
7.875	1
7.88	1
7.885	1
7.89	1
7.895	1
7.9	1
7.905	1
7.91	1
7.915	1
7.92	1
7.925	1
7.93	1
7.935	1
7.94	1
7.945	1
7.95	1
7.955	1
7.96	1
7.965	1
7.97	1
7.975	1
7.98	1
7.985	1
7.99	1
7.995	1
8	1
8.005	1
8.01	1
8.015	1
8.02	1
8.025	1
8.03	1
8.035	1
8.04	1
8.045	1
8.05	1
8.055	1
8.06	1
8.065	1
8.07	1
8.075	1
8.08	1
8.085	1
8.09	1
8.095	1
8.1	1
8.105	1
8.11	1
8.115	1
8.12	1
8.125	1
8.13	1
8.135	1
8.14	1
8.145	1
8.15	1
8.155	1
8.16	1
8.165	1
8.17	1
8.175	1
8.18	1
8.185	1
8.19	1
8.195	1
8.2	1
8.205	1
8.21	1
8.215	1
8.22	1
8.225	1
8.23	1
8.235	1
8.24	1
8.245	1
8.25	1
8.255	1
8.26	1
8.265	1
8.27	1
8.275	1
8.28	1
8.285	1
8.29	1
8.295	1
8.3	1
8.305	1
8.31	1
8.315	1
8.32	1
8.325	1
8.33	1
8.335	1
8.34	1
8.345	1
8.35	1
8.355	1
8.36	1
8.365	1
8.37	1
8.375	1
8.38	1
8.385	1
8.39	1
8.395	1
8.4	1
8.405	1
8.41	1
8.415	1
8.42	1
8.425	1
8.43	1
8.435	1
8.44	1
8.445	1
8.45	1
8.455	1
8.46	1
8.465	1
8.47	1
8.475	1
8.48	1
8.485	1
8.49	1
8.495	1
8.5	1
8.505	1
8.51	1
8.515	1
8.52	1
8.525	1
8.53	1
8.535	1
8.54	1
8.545	1
8.55	1
8.555	1
8.56	1
8.565	1
8.57	1
8.575	1
8.58	1
8.585	1
8.59	1
8.595	1
8.6	1
8.605	1
8.61	1
8.615	1
8.62	1
8.625	1
8.63	1
8.635	1
8.64	1
8.645	1
8.65	1
8.655	1
8.66	1
8.665	1
8.67	1
8.675	1
8.68	1
8.685	1
8.69	1
8.695	1
8.7	1
8.705	1
8.71	1
8.715	1
8.72	1
8.725	1
8.73	1
8.735	1
8.74	1
8.745	1
8.75	1
8.755	1
8.76	1
8.765	1
8.77	1
8.775	1
8.78	1
8.785	1
8.79	1
8.795	1
8.8	1
8.805	1
8.81	1
8.815	1
8.82	1
8.825	1
8.83	1
8.835	1
8.84	1
8.845	1
8.85	1
8.855	1
8.86	1
8.865	1
8.87	1
8.875	1
8.88	1
8.885	1
8.89	1
8.895	1
8.9	1
8.905	1
8.91	1
8.915	1
8.92	1
8.925	1
8.93	1
8.935	1
8.94	1
8.945	1
8.95	1
8.955	1
8.96	1
8.965	1
8.97	1
8.975	1
8.98	1
8.985	1
8.99	1
8.995	1
9	1
9.005	1
9.01	1
9.015	1
9.02	1
9.025	1
9.03	1
9.035	1
9.04	1
9.045	1
9.05	1
9.055	1
9.06	1
9.065	1
9.07	1
9.075	1
9.08	1
9.085	1
9.09	1
9.095	1
9.1	1
9.105	1
9.11	1
9.115	1
9.12	1
9.125	1
9.13	1
9.135	1
9.14	1
9.145	1
9.15	1
9.155	1
9.16	1
9.165	1
9.17	1
9.175	1
9.18	1
9.185	1
9.19	1
9.195	1
9.2	1
9.205	1
9.21	1
9.215	1
9.22	1
9.225	1
9.23	1
9.235	1
9.24	1
9.245	1
9.25	1
9.255	1
9.26	1
9.265	1
9.27	1
9.275	1
9.28	1
9.285	1
9.29	1
9.295	1
9.3	1
9.305	1
9.31	1
9.315	1
9.32	1
9.325	1
9.33	1
9.335	1
9.34	1
9.345	1
9.35	1
9.355	1
9.36	1
9.365	1
9.37	1
9.375	1
9.38	1
9.385	1
9.39	1
9.395	1
9.4	1
9.405	1
9.41	1
9.415	1
9.42	1
9.425	1
9.43	1
9.435	1
9.44	1
9.445	1
9.45	1
9.455	1
9.46	1
9.465	1
9.47	1
9.475	1
9.48	1
9.485	1
9.49	1
9.495	1
9.5	1
9.505	1
9.51	1
9.515	1
9.52	1
9.525	1
9.53	1
9.535	1
9.54	1
9.545	1
9.55	1
9.555	1
9.56	1
9.565	1
9.57	1
9.575	1
9.58	1
9.585	1
9.59	1
9.595	1
9.6	1
9.605	1
9.61	1
9.615	1
9.62	1
9.625	1
9.63	1
9.635	1
9.64	1
9.645	1
9.65	1
9.655	1
9.66	1
9.665	1
9.67	1
9.675	1
9.68	1
9.685	1
9.69	1
9.695	1
9.7	1
9.705	1
9.71	1
9.715	1
9.72	1
9.725	1
9.73	1
9.735	1
9.74	1
9.745	1
9.75	1
9.755	1
9.76	1
9.765	1
9.77	1
9.775	1
9.78	1
9.785	1
9.79	1
9.795	1
9.8	1
9.805	1
9.81	1
9.815	1
9.82	1
9.825	1
9.83	1
9.835	1
9.84	1
9.845	1
9.85	1
9.855	1
9.86	1
9.865	1
9.87	1
9.875	1
9.88	1
9.885	1
9.89	1
9.895	1
9.9	1
9.905	1
9.91	1
9.915	1
9.92	1
9.925	1
9.93	1
9.935	1
9.94	1
9.945	1
9.95	1
9.955	1
9.96	1
9.965	1
9.97	1
9.975	1
9.98	1
9.985	1
9.99	1
9.995	1
10	1
10.005	1
10.01	1
10.015	1
10.02	1
10.025	1
10.03	1
10.035	1
10.04	1
10.045	1
10.05	1
10.055	1
10.06	1
10.065	1
10.07	1
10.075	1
10.08	1
10.085	1
10.09	1
10.095	1
10.1	1
10.105	1
10.11	1
10.115	1
10.12	1
10.125	1
10.13	1
10.135	1
10.14	1
10.145	1
10.15	1
10.155	1
10.16	1
10.165	1
10.17	1
10.175	1
10.18	1
10.185	1
10.19	1
10.195	1
10.2	1
10.205	1
10.21	1
10.215	1
10.22	1
10.225	1
10.23	1
10.235	1
10.24	1
10.245	1
10.25	1
10.255	1
10.26	1
10.265	1
10.27	1
10.275	1
10.28	1
10.285	1
10.29	1
10.295	1
10.3	1
10.305	1
10.31	1
10.315	1
10.32	1
10.325	1
10.33	1
10.335	1
10.34	1
10.345	1
10.35	1
10.355	1
10.36	1
10.365	1
10.37	1
10.375	1
10.38	1
10.385	1
10.39	1
10.395	1
10.4	1
10.405	1
10.41	1
10.415	1
10.42	1
10.425	1
10.43	1
10.435	1
10.44	1
10.445	1
10.45	1
10.455	1
10.46	1
10.465	1
10.47	1
10.475	1
10.48	1
10.485	1
10.49	1
10.495	1
10.5	1
10.505	1
10.51	1
10.515	1
10.52	1
10.525	1
10.53	1
10.535	1
10.54	1
10.545	1
10.55	1
10.555	1
10.56	1
10.565	1
10.57	1
10.575	1
10.58	1
10.585	1
10.59	1
10.595	1
10.6	1
10.605	1
10.61	1
10.615	1
10.62	1
10.625	1
10.63	1
10.635	1
10.64	1
10.645	1
10.65	1
10.655	1
10.66	1
10.665	1
10.67	1
10.675	1
10.68	1
10.685	1
10.69	1
10.695	1
10.7	1
10.705	1
10.71	1
10.715	1
10.72	1
10.725	1
10.73	1
10.735	1
10.74	1
10.745	1
10.75	1
10.755	1
10.76	1
10.765	1
10.77	1
10.775	1
10.78	1
10.785	1
10.79	1
10.795	1
10.8	1
10.805	1
10.81	1
10.815	1
10.82	1
10.825	1
10.83	1
10.835	1
10.84	1
10.845	1
10.85	1
10.855	1
10.86	1
10.865	1
10.87	1
10.875	1
10.88	1
10.885	1
10.89	1
10.895	1
10.9	1
10.905	1
10.91	1
10.915	1
10.92	1
10.925	1
10.93	1
10.935	1
10.94	1
10.945	1
10.95	1
10.955	1
10.96	1
10.965	1
10.97	1
10.975	1
10.98	1
10.985	1
10.99	1
10.995	1
11	1
11.005	1
11.01	1
11.015	1
11.02	1
11.025	1
11.03	1
11.035	1
11.04	1
11.045	1
11.05	1
11.055	1
11.06	1
11.065	1
11.07	1
11.075	1
11.08	1
11.085	1
11.09	1
11.095	1
11.1	1
11.105	1
11.11	1
11.115	1
11.12	1
11.125	1
11.13	1
11.135	1
11.14	1
11.145	1
11.15	1
11.155	1
11.16	1
11.165	1
11.17	1
11.175	1
11.18	1
11.185	1
11.19	1
11.195	1
11.2	1
11.205	1
11.21	1
11.215	1
11.22	1
11.225	1
11.23	1
11.235	1
11.24	1
11.245	1
11.25	1
11.255	1
11.26	1
11.265	1
11.27	1
11.275	1
11.28	1
11.285	1
11.29	1
11.295	1
11.3	1
11.305	1
11.31	1
11.315	1
11.32	1
11.325	1
11.33	1
11.335	1
11.34	1
11.345	1
11.35	1
11.355	1
11.36	1
11.365	1
11.37	1
11.375	1
11.38	1
11.385	1
11.39	1
11.395	1
11.4	1
11.405	1
11.41	1
11.415	1
11.42	1
11.425	1
11.43	1
11.435	1
11.44	1
11.445	1
11.45	1
11.455	1
11.46	1
11.465	1
11.47	1
11.475	1
11.48	1
11.485	1
11.49	1
11.495	1
11.5	1
11.505	1
11.51	1
11.515	1
11.52	1
11.525	1
11.53	1
11.535	1
11.54	1
11.545	1
11.55	1
11.555	1
11.56	1
11.565	1
11.57	1
11.575	1
11.58	1
11.585	1
11.59	1
11.595	1
11.6	1
11.605	1
11.61	1
11.615	1
11.62	1
11.625	1
11.63	1
11.635	1
11.64	1
11.645	1
11.65	1
11.655	1
11.66	1
11.665	1
11.67	1
11.675	1
11.68	1
11.685	1
11.69	1
11.695	1
11.7	1
11.705	1
11.71	1
11.715	1
11.72	1
11.725	1
11.73	1
11.735	1
11.74	1
11.745	1
11.75	1
11.755	1
11.76	1
11.765	1
11.77	1
11.775	1
11.78	1
11.785	1
11.79	1
11.795	1
11.8	1
11.805	1
11.81	1
11.815	1
11.82	1
11.825	1
11.83	1
11.835	1
11.84	1
11.845	1
11.85	1
11.855	1
11.86	1
11.865	1
11.87	1
11.875	1
11.88	1
11.885	1
11.89	1
11.895	1
11.9	1
11.905	1
11.91	1
11.915	1
11.92	1
11.925	1
11.93	1
11.935	1
11.94	1
11.945	1
11.95	1
11.955	1
11.96	1
11.965	1
11.97	1
11.975	1
11.98	1
11.985	1
11.99	1
11.995	1
12	1
12.005	1
12.01	1
12.015	1
12.02	1
12.025	1
12.03	1
12.035	1
12.04	1
12.045	1
12.05	1
12.055	1
12.06	1
12.065	1
12.07	1
12.075	1
12.08	1
12.085	1
12.09	1
12.095	1
12.1	1
12.105	1
12.11	1
12.115	1
12.12	1
12.125	1
12.13	1
12.135	1
12.14	1
12.145	1
12.15	1
12.155	1
12.16	1
12.165	1
12.17	1
12.175	1
12.18	1
12.185	1
12.19	1
12.195	1
12.2	1
12.205	1
12.21	1
12.215	1
12.22	1
12.225	1
12.23	1
12.235	1
12.24	1
12.245	1
12.25	1
12.255	1
12.26	1
12.265	1
12.27	1
12.275	1
12.28	1
12.285	1
12.29	1
12.295	1
12.3	1
12.305	1
12.31	1
12.315	1
12.32	1
12.325	1
12.33	1
12.335	1
12.34	1
12.345	1
12.35	1
12.355	1
12.36	1
12.365	1
12.37	1
12.375	1
12.38	1
12.385	1
12.39	1
12.395	1
12.4	1
12.405	1
12.41	1
12.415	1
12.42	1
12.425	1
12.43	1
12.435	1
12.44	1
12.445	1
12.45	1
12.455	1
12.46	1
12.465	1
12.47	1
12.475	1
12.48	1
12.485	1
12.49	1
12.495	1
12.5	1
12.505	1
12.51	1
12.515	1
12.52	1
12.525	1
12.53	1
12.535	1
12.54	1
12.545	1
12.55	1
12.555	1
12.56	1
12.565	1
12.57	1
12.575	1
12.58	1
12.585	1
12.59	1
12.595	1
12.6	1
12.605	1
12.61	1
12.615	1
12.62	1
12.625	1
12.63	1
12.635	1
12.64	1
12.645	1
12.65	1
12.655	1
12.66	1
12.665	1
12.67	1
12.675	1
12.68	1
12.685	1
12.69	1
12.695	1
12.7	1
12.705	1
12.71	1
12.715	1
12.72	1
12.725	1
12.73	1
12.735	1
12.74	1
12.745	1
12.75	1
12.755	1
12.76	1
12.765	1
12.77	1
12.775	1
12.78	1
12.785	1
12.79	1
12.795	1
12.8	1
12.805	1
12.81	1
12.815	1
12.82	1
12.825	1
12.83	1
12.835	1
12.84	1
12.845	1
12.85	1
12.855	1
12.86	1
12.865	1
12.87	1
12.875	1
12.88	1
12.885	1
12.89	1
12.895	1
12.9	1
12.905	1
12.91	1
12.915	1
12.92	1
12.925	1
12.93	1
12.935	1
12.94	1
12.945	1
12.95	1
12.955	1
12.96	1
12.965	1
12.97	1
12.975	1
12.98	1
12.985	1
12.99	1
12.995	1
13	1
13.005	1
13.01	1
13.015	1
13.02	1
13.025	1
13.03	1
13.035	1
13.04	1
13.045	1
13.05	1
13.055	1
13.06	1
13.065	1
13.07	1
13.075	1
13.08	1
13.085	1
13.09	1
13.095	1
13.1	1
13.105	1
13.11	1
13.115	1
13.12	1
13.125	1
13.13	1
13.135	1
13.14	1
13.145	1
13.15	1
13.155	1
13.16	1
13.165	1
13.17	1
13.175	1
13.18	1
13.185	1
13.19	1
13.195	1
13.2	1
13.205	1
13.21	1
13.215	1
13.22	1
13.225	1
13.23	1
13.235	1
13.24	1
13.245	1
13.25	1
13.255	1
13.26	1
13.265	1
13.27	1
13.275	1
13.28	1
13.285	1
13.29	1
13.295	1
13.3	1
13.305	1
13.31	1
13.315	1
13.32	1
13.325	1
13.33	1
13.335	1
13.34	1
13.345	1
13.35	1
13.355	1
13.36	1
13.365	1
13.37	1
13.375	1
13.38	1
13.385	1
13.39	1
13.395	1
13.4	1
13.405	1
13.41	1
13.415	1
13.42	1
13.425	1
13.43	1
13.435	1
13.44	1
13.445	1
13.45	1
13.455	1
13.46	1
13.465	1
13.47	1
13.475	1
13.48	1
13.485	1
13.49	1
13.495	1
13.5	1
13.505	1
13.51	1
13.515	1
13.52	1
13.525	1
13.53	1
13.535	1
13.54	1
13.545	1
13.55	1
13.555	1
13.56	1
13.565	1
13.57	1
13.575	1
13.58	1
13.585	1
13.59	1
13.595	1
13.6	1
13.605	1
13.61	1
13.615	1
13.62	1
13.625	1
13.63	1
13.635	1
13.64	1
13.645	1
13.65	1
13.655	1
13.66	1
13.665	1
13.67	1
13.675	1
13.68	1
13.685	1
13.69	1
13.695	1
13.7	1
13.705	1
13.71	1
13.715	1
13.72	1
13.725	1
13.73	1
13.735	1
13.74	1
13.745	1
13.75	1
13.755	1
13.76	1
13.765	1
13.77	1
13.775	1
13.78	1
13.785	1
13.79	1
13.795	1
13.8	1
13.805	1
13.81	1
13.815	1
13.82	1
13.825	1
13.83	1
13.835	1
13.84	1
13.845	1
13.85	1
13.855	1
13.86	1
13.865	1
13.87	1
13.875	1
13.88	1
13.885	1
13.89	1
13.895	1
13.9	1
13.905	1
13.91	1
13.915	1
13.92	1
13.925	1
13.93	1
13.935	1
13.94	1
13.945	1
13.95	1
13.955	1
13.96	1
13.965	1
13.97	1
13.975	1
13.98	1
13.985	1
13.99	1
13.995	1
14	1
14.005	1
14.01	1
14.015	1
14.02	1
14.025	1
14.03	1
14.035	1
14.04	1
14.045	1
14.05	1
14.055	1
14.06	1
14.065	1
14.07	1
14.075	1
14.08	1
14.085	1
14.09	1
14.095	1
14.1	1
14.105	1
14.11	1
14.115	1
14.12	1
14.125	1
14.13	1
14.135	1
14.14	1
14.145	1
14.15	1
14.155	1
14.16	1
14.165	1
14.17	1
14.175	1
14.18	1
14.185	1
14.19	1
14.195	1
14.2	1
14.205	1
14.21	1
14.215	1
14.22	1
14.225	1
14.23	1
14.235	1
14.24	1
14.245	1
14.25	1
14.255	1
14.26	1
14.265	1
14.27	1
14.275	1
14.28	1
14.285	1
14.29	1
14.295	1
14.3	1
14.305	1
14.31	1
14.315	1
14.32	1
14.325	1
14.33	1
14.335	1
14.34	1
14.345	1
14.35	1
14.355	1
14.36	1
14.365	1
14.37	1
14.375	1
14.38	1
14.385	1
14.39	1
14.395	1
14.4	1
14.405	1
14.41	1
14.415	1
14.42	1
14.425	1
14.43	1
14.435	1
14.44	1
14.445	1
14.45	1
14.455	1
14.46	1
14.465	1
14.47	1
14.475	1
14.48	1
14.485	1
14.49	1
14.495	1
14.5	1
14.505	1
14.51	1
14.515	1
14.52	1
14.525	1
14.53	1
14.535	1
14.54	1
14.545	1
14.55	1
14.555	1
14.56	1
14.565	1
14.57	1
14.575	1
14.58	1
14.585	1
14.59	1
14.595	1
14.6	1
14.605	1
14.61	1
14.615	1
14.62	1
14.625	1
14.63	1
14.635	1
14.64	1
14.645	1
14.65	1
14.655	1
14.66	1
14.665	1
14.67	1
14.675	1
14.68	1
14.685	1
14.69	1
14.695	1
14.7	1
14.705	1
14.71	1
14.715	1
14.72	1
14.725	1
14.73	1
14.735	1
14.74	1
14.745	1
14.75	1
14.755	1
14.76	1
14.765	1
14.77	1
14.775	1
14.78	1
14.785	1
14.79	1
14.795	1
14.8	1
14.805	1
14.81	1
14.815	1
14.82	1
14.825	1
14.83	1
14.835	1
14.84	1
14.845	1
14.85	1
14.855	1
14.86	1
14.865	1
14.87	1
14.875	1
14.88	1
14.885	1
14.89	1
14.895	1
14.9	1
14.905	1
14.91	1
14.915	1
14.92	1
14.925	1
14.93	1
14.935	1
14.94	1
14.945	1
14.95	1
14.955	1
14.96	1
14.965	1
14.97	1
14.975	1
14.98	1
14.985	1
14.99	1
14.995	1
15	1
15.005	1
15.01	1
15.015	1
15.02	1
15.025	1
15.03	1
15.035	1
15.04	1
15.045	1
15.05	1
15.055	1
15.06	1
15.065	1
15.07	1
15.075	1
15.08	1
15.085	1
15.09	1
15.095	1
15.1	1
15.105	1
15.11	1
15.115	1
15.12	1
15.125	1
15.13	1
15.135	1
15.14	1
15.145	1
15.15	1
15.155	1
15.16	1
15.165	1
15.17	1
15.175	1
15.18	1
15.185	1
15.19	1
15.195	1
15.2	1
15.205	1
15.21	1
15.215	1
15.22	1
15.225	1
15.23	1
15.235	1
15.24	1
15.245	1
15.25	1
15.255	1
15.26	1
15.265	1
15.27	1
15.275	1
15.28	1
15.285	1
15.29	1
15.295	1
15.3	1
15.305	1
15.31	1
15.315	1
15.32	1
15.325	1
15.33	1
15.335	1
15.34	1
15.345	1
15.35	1
15.355	1
15.36	1
15.365	1
15.37	1
15.375	1
15.38	1
15.385	1
15.39	1
15.395	1
15.4	1
15.405	1
15.41	1
15.415	1
15.42	1
15.425	1
15.43	1
15.435	1
15.44	1
15.445	1
15.45	1
15.455	1
15.46	1
15.465	1
15.47	1
15.475	1
15.48	1
15.485	1
15.49	1
15.495	1
15.5	1
15.505	1
15.51	1
15.515	1
15.52	1
15.525	1
15.53	1
15.535	1
15.54	1
15.545	1
15.55	1
15.555	1
15.56	1
15.565	1
15.57	1
15.575	1
15.58	1
15.585	1
15.59	1
15.595	1
15.6	1
15.605	1
15.61	1
15.615	1
15.62	1
15.625	1
15.63	1
15.635	1
15.64	1
15.645	1
15.65	1
15.655	1
15.66	1
15.665	1
15.67	1
15.675	1
15.68	1
15.685	1
15.69	1
15.695	1
15.7	1
15.705	1
15.71	1
15.715	1
15.72	1
15.725	1
15.73	1
15.735	1
15.74	1
15.745	1
15.75	1
15.755	1
15.76	1
15.765	1
15.77	1
15.775	1
15.78	1
15.785	1
15.79	1
15.795	1
15.8	1
15.805	1
15.81	1
15.815	1
15.82	1
15.825	1
15.83	1
15.835	1
15.84	1
15.845	1
15.85	1
15.855	1
15.86	1
15.865	1
15.87	1
15.875	1
15.88	1
15.885	1
15.89	1
15.895	1
15.9	1
15.905	1
15.91	1
15.915	1
15.92	1
15.925	1
15.93	1
15.935	1
15.94	1
15.945	1
15.95	1
15.955	1
15.96	1
15.965	1
15.97	1
15.975	1
15.98	1
15.985	1
15.99	1
15.995	1
16	1
16.005	1
16.01	1
16.015	1
16.02	1
16.025	1
16.03	1
16.035	1
16.04	1
16.045	1
16.05	1
16.055	1
16.06	1
16.065	1
16.07	1
16.075	1
16.08	1
16.085	1
16.09	1
16.095	1
16.1	1
16.105	1
16.11	1
16.115	1
16.12	1
16.125	1
16.13	1
16.135	1
16.14	1
16.145	1
16.15	1
16.155	1
16.16	1
16.165	1
16.17	1
16.175	1
16.18	1
16.185	1
16.19	1
16.195	1
16.2	1
16.205	1
16.21	1
16.215	1
16.22	1
16.225	1
16.23	1
16.235	1
16.24	1
16.245	1
16.25	1
16.255	1
16.26	1
16.265	1
16.27	1
16.275	1
16.28	1
16.285	1
16.29	1
16.295	1
16.3	1
16.305	1
16.31	1
16.315	1
16.32	1
16.325	1
16.33	1
16.335	1
16.34	1
16.345	1
16.35	1
16.355	1
16.36	1
16.365	1
16.37	1
16.375	1
16.38	1
16.385	1
16.39	1
16.395	1
16.4	1
16.405	1
16.41	1
16.415	1
16.42	1
16.425	1
16.43	1
16.435	1
16.44	1
16.445	1
16.45	1
16.455	1
16.46	1
16.465	1
16.47	1
16.475	1
16.48	1
16.485	1
16.49	1
16.495	1
16.5	1
16.505	1
16.51	1
16.515	1
16.52	1
16.525	1
16.53	1
16.535	1
16.54	1
16.545	1
16.55	1
16.555	1
16.56	1
16.565	1
16.57	1
16.575	1
16.58	1
16.585	1
16.59	1
16.595	1
16.6	1
16.605	1
16.61	1
16.615	1
16.62	1
16.625	1
16.63	1
16.635	1
16.64	1
16.645	1
16.65	1
16.655	1
16.66	1
16.665	1
16.67	1
16.675	1
16.68	1
16.685	1
16.69	1
16.695	1
16.7	1
16.705	1
16.71	1
16.715	1
16.72	1
16.725	1
16.73	1
16.735	1
16.74	1
16.745	1
16.75	1
16.755	1
16.76	1
16.765	1
16.77	1
16.775	1
16.78	1
16.785	1
16.79	1
16.795	1
16.8	1
16.805	1
16.81	1
16.815	1
16.82	1
16.825	1
16.83	1
16.835	1
16.84	1
16.845	1
16.85	1
16.855	1
16.86	1
16.865	1
16.87	1
16.875	1
16.88	1
16.885	1
16.89	1
16.895	1
16.9	1
16.905	1
16.91	1
16.915	1
16.92	1
16.925	1
16.93	1
16.935	1
16.94	1
16.945	1
16.95	1
16.955	1
16.96	1
16.965	1
16.97	1
16.975	1
16.98	1
16.985	1
16.99	1
16.995	1
17	1
17.005	1
17.01	1
17.015	1
17.02	1
17.025	1
17.03	1
17.035	1
17.04	1
17.045	1
17.05	1
17.055	1
17.06	1
17.065	1
17.07	1
17.075	1
17.08	1
17.085	1
17.09	1
17.095	1
17.1	1
17.105	1
17.11	1
17.115	1
17.12	1
17.125	1
17.13	1
17.135	1
17.14	1
17.145	1
17.15	1
17.155	1
17.16	1
17.165	1
17.17	1
17.175	1
17.18	1
17.185	1
17.19	1
17.195	1
17.2	1
17.205	1
17.21	1
17.215	1
17.22	1
17.225	1
17.23	1
17.235	1
17.24	1
17.245	1
17.25	1
17.255	1
17.26	1
17.265	1
17.27	1
17.275	1
17.28	1
17.285	1
17.29	1
17.295	1
17.3	1
17.305	1
17.31	1
17.315	1
17.32	1
17.325	1
17.33	1
17.335	1
17.34	1
17.345	1
17.35	1
17.355	1
17.36	1
17.365	1
17.37	1
17.375	1
17.38	1
17.385	1
17.39	1
17.395	1
17.4	1
17.405	1
17.41	1
17.415	1
17.42	1
17.425	1
17.43	1
17.435	1
17.44	1
17.445	1
17.45	1
17.455	1
17.46	1
17.465	1
17.47	1
17.475	1
17.48	1
17.485	1
17.49	1
17.495	1
17.5	1
17.505	1
17.51	1
17.515	1
17.52	1
17.525	1
17.53	1
17.535	1
17.54	1
17.545	1
17.55	1
17.555	1
17.56	1
17.565	1
17.57	1
17.575	1
17.58	1
17.585	1
17.59	1
17.595	1
17.6	1
17.605	1
17.61	1
17.615	1
17.62	1
17.625	1
17.63	1
17.635	1
17.64	1
17.645	1
17.65	1
17.655	1
17.66	1
17.665	1
17.67	1
17.675	1
17.68	1
17.685	1
17.69	1
17.695	1
17.7	1
17.705	1
17.71	1
17.715	1
17.72	1
17.725	1
17.73	1
17.735	1
17.74	1
17.745	1
17.75	1
17.755	1
17.76	1
17.765	1
17.77	1
17.775	1
17.78	1
17.785	1
17.79	1
17.795	1
17.8	1
17.805	1
17.81	1
17.815	1
17.82	1
17.825	1
17.83	1
17.835	1
17.84	1
17.845	1
17.85	1
17.855	1
17.86	1
17.865	1
17.87	1
17.875	1
17.88	1
17.885	1
17.89	1
17.895	1
17.9	1
17.905	1
17.91	1
17.915	1
17.92	1
17.925	1
17.93	1
17.935	1
17.94	1
17.945	1
17.95	1
17.955	1
17.96	1
17.965	1
17.97	1
17.975	1
17.98	1
17.985	1
17.99	1
17.995	1
18	1
18.005	1
18.01	1
18.015	1
18.02	1
18.025	1
18.03	1
18.035	1
18.04	1
18.045	1
18.05	1
18.055	1
18.06	1
18.065	1
18.07	1
18.075	1
18.08	1
18.085	1
18.09	1
18.095	1
18.1	1
18.105	1
18.11	1
18.115	1
18.12	1
18.125	1
18.13	1
18.135	1
18.14	1
18.145	1
18.15	1
18.155	1
18.16	1
18.165	1
18.17	1
18.175	1
18.18	1
18.185	1
18.19	1
18.195	1
18.2	1
18.205	1
18.21	1
18.215	1
18.22	1
18.225	1
18.23	1
18.235	1
18.24	1
18.245	1
18.25	1
18.255	1
18.26	1
18.265	1
18.27	1
18.275	1
18.28	1
18.285	1
18.29	1
18.295	1
18.3	1
18.305	1
18.31	1
18.315	1
18.32	1
18.325	1
18.33	1
18.335	1
18.34	1
18.345	1
18.35	1
18.355	1
18.36	1
18.365	1
18.37	1
18.375	1
18.38	1
18.385	1
18.39	1
18.395	1
18.4	1
18.405	1
18.41	1
18.415	1
18.42	1
18.425	1
18.43	1
18.435	1
18.44	1
18.445	1
18.45	1
18.455	1
18.46	1
18.465	1
18.47	1
18.475	1
18.48	1
18.485	1
18.49	1
18.495	1
18.5	1
18.505	1
18.51	1
18.515	1
18.52	1
18.525	1
18.53	1
18.535	1
18.54	1
18.545	1
18.55	1
18.555	1
18.56	1
18.565	1
18.57	1
18.575	1
18.58	1
18.585	1
18.59	1
18.595	1
18.6	1
18.605	1
18.61	1
18.615	1
18.62	1
18.625	1
18.63	1
18.635	1
18.64	1
18.645	1
18.65	1
18.655	1
18.66	1
18.665	1
18.67	1
18.675	1
18.68	1
18.685	1
18.69	1
18.695	1
18.7	1
18.705	1
18.71	1
18.715	1
18.72	1
18.725	1
18.73	1
18.735	1
18.74	1
18.745	1
18.75	1
18.755	1
18.76	1
18.765	1
18.77	1
18.775	1
18.78	1
18.785	1
18.79	1
18.795	1
18.8	1
18.805	1
18.81	1
18.815	1
18.82	1
18.825	1
18.83	1
18.835	1
18.84	1
18.845	1
18.85	1
18.855	1
18.86	1
18.865	1
18.87	1
18.875	1
18.88	1
18.885	1
18.89	1
18.895	1
18.9	1
18.905	1
18.91	1
18.915	1
18.92	1
18.925	1
18.93	1
18.935	1
18.94	1
18.945	1
18.95	1
18.955	1
18.96	1
18.965	1
18.97	1
18.975	1
18.98	1
18.985	1
18.99	1
18.995	1
19	1
19.005	1
19.01	1
19.015	1
19.02	1
19.025	1
19.03	1
19.035	1
19.04	1
19.045	1
19.05	1
19.055	1
19.06	1
19.065	1
19.07	1
19.075	1
19.08	1
19.085	1
19.09	1
19.095	1
19.1	1
19.105	1
19.11	1
19.115	1
19.12	1
19.125	1
19.13	1
19.135	1
19.14	1
19.145	1
19.15	1
19.155	1
19.16	1
19.165	1
19.17	1
19.175	1
19.18	1
19.185	1
19.19	1
19.195	1
19.2	1
19.205	1
19.21	1
19.215	1
19.22	1
19.225	1
19.23	1
19.235	1
19.24	1
19.245	1
19.25	1
19.255	1
19.26	1
19.265	1
19.27	1
19.275	1
19.28	1
19.285	1
19.29	1
19.295	1
19.3	1
19.305	1
19.31	1
19.315	1
19.32	1
19.325	1
19.33	1
19.335	1
19.34	1
19.345	1
19.35	1
19.355	1
19.36	1
19.365	1
19.37	1
19.375	1
19.38	1
19.385	1
19.39	1
19.395	1
19.4	1
19.405	1
19.41	1
19.415	1
19.42	1
19.425	1
19.43	1
19.435	1
19.44	1
19.445	1
19.45	1
19.455	1
19.46	1
19.465	1
19.47	1
19.475	1
19.48	1
19.485	1
19.49	1
19.495	1
19.5	1
19.505	1
19.51	1
19.515	1
19.52	1
19.525	1
19.53	1
19.535	1
19.54	1
19.545	1
19.55	1
19.555	1
19.56	1
19.565	1
19.57	1
19.575	1
19.58	1
19.585	1
19.59	1
19.595	1
19.6	1
19.605	1
19.61	1
19.615	1
19.62	1
19.625	1
19.63	1
19.635	1
19.64	1
19.645	1
19.65	1
19.655	1
19.66	1
19.665	1
19.67	1
19.675	1
19.68	1
19.685	1
19.69	1
19.695	1
19.7	1
19.705	1
19.71	1
19.715	1
19.72	1
19.725	1
19.73	1
19.735	1
19.74	1
19.745	1
19.75	1
19.755	1
19.76	1
19.765	1
19.77	1
19.775	1
19.78	1
19.785	1
19.79	1
19.795	1
19.8	1
19.805	1
19.81	1
19.815	1
19.82	1
19.825	1
19.83	1
19.835	1
19.84	1
19.845	1
19.85	1
19.855	1
19.86	1
19.865	1
19.87	1
19.875	1
19.88	1
19.885	1
19.89	1
19.895	1
19.9	1
19.905	1
19.91	1
19.915	1
19.92	1
19.925	1
19.93	1
19.935	1
19.94	1
19.945	1
19.95	1
19.955	1
19.96	1
19.965	1
19.97	1
19.975	1
19.98	1
19.985	1
19.99	1
19.995	1
20	1
20.005	1
20.01	1
20.015	1
20.02	1
20.025	1
20.03	1
20.035	1
20.04	1
20.045	1
20.05	1
20.055	1
20.06	1
20.065	1
20.07	1
20.075	1
20.08	1
20.085	1
20.09	1
20.095	1
20.1	1
20.105	1
20.11	1
20.115	1
20.12	1
20.125	1
20.13	1
20.135	1
20.14	1
20.145	1
20.15	1
20.155	1
20.16	1
20.165	1
20.17	1
20.175	1
20.18	1
20.185	1
20.19	1
20.195	1
20.2	1
20.205	1
20.21	1
20.215	1
20.22	1
20.225	1
20.23	1
20.235	1
20.24	1
20.245	1
20.25	1
20.255	1
20.26	1
20.265	1
20.27	1
20.275	1
20.28	1
20.285	1
20.29	1
20.295	1
20.3	1
20.305	1
20.31	1
20.315	1
20.32	1
20.325	1
20.33	1
20.335	1
20.34	1
20.345	1
20.35	1
20.355	1
20.36	1
20.365	1
20.37	1
20.375	1
20.38	1
20.385	1
20.39	1
20.395	1
20.4	1
20.405	1
20.41	1
20.415	1
20.42	1
20.425	1
20.43	1
20.435	1
20.44	1
20.445	1
20.45	1
20.455	1
20.46	1
20.465	1
20.47	1
20.475	1
20.48	1
20.485	1
20.49	1
20.495	1
20.5	1
20.505	1
20.51	1
20.515	1
20.52	1
20.525	1
20.53	1
20.535	1
20.54	1
20.545	1
20.55	1
20.555	1
20.56	1
20.565	1
20.57	1
20.575	1
20.58	1
20.585	1
20.59	1
20.595	1
20.6	1
20.605	1
20.61	1
20.615	1
20.62	1
20.625	1
20.63	1
20.635	1
20.64	1
20.645	1
20.65	1
20.655	1
20.66	1
20.665	1
20.67	1
20.675	1
20.68	1
20.685	1
20.69	1
20.695	1
20.7	1
20.705	1
20.71	1
20.715	1
20.72	1
20.725	1
20.73	1
20.735	1
20.74	1
20.745	1
20.75	1
20.755	1
20.76	1
20.765	1
20.77	1
20.775	1
20.78	1
20.785	1
20.79	1
20.795	1
20.8	1
20.805	1
20.81	1
20.815	1
20.82	1
20.825	1
20.83	1
20.835	1
20.84	1
20.845	1
20.85	1
20.855	1
20.86	1
20.865	1
20.87	1
20.875	1
20.88	1
20.885	1
20.89	1
20.895	1
20.9	1
20.905	1
20.91	1
20.915	1
20.92	1
20.925	1
20.93	1
20.935	1
20.94	1
20.945	1
20.95	1
20.955	1
20.96	1
20.965	1
20.97	1
20.975	1
20.98	1
20.985	1
20.99	1
20.995	1
21	1
21.005	1
21.01	1
21.015	1
21.02	1
21.025	1
21.03	1
21.035	1
21.04	1
21.045	1
21.05	1
21.055	1
21.06	1
21.065	1
21.07	1
21.075	1
21.08	1
21.085	1
21.09	1
21.095	1
21.1	1
21.105	1
21.11	1
21.115	1
21.12	1
21.125	1
21.13	1
21.135	1
21.14	1
21.145	1
21.15	1
21.155	1
21.16	1
21.165	1
21.17	1
21.175	1
21.18	1
21.185	1
21.19	1
21.195	1
21.2	1
21.205	1
21.21	1
21.215	1
21.22	1
21.225	1
21.23	1
21.235	1
21.24	1
21.245	1
21.25	1
21.255	1
21.26	1
21.265	1
21.27	1
21.275	1
21.28	1
21.285	1
21.29	1
21.295	1
21.3	1
21.305	1
21.31	1
21.315	1
21.32	1
21.325	1
21.33	1
21.335	1
21.34	1
21.345	1
21.35	1
21.355	1
21.36	1
21.365	1
21.37	1
21.375	1
21.38	1
21.385	1
21.39	1
21.395	1
21.4	1
21.405	1
21.41	1
21.415	1
21.42	1
21.425	1
21.43	1
21.435	1
21.44	1
21.445	1
21.45	1
21.455	1
21.46	1
21.465	1
21.47	1
21.475	1
21.48	1
21.485	1
21.49	1
21.495	1
21.5	1
21.505	1
21.51	1
21.515	1
21.52	1
21.525	1
21.53	1
21.535	1
21.54	1
21.545	1
21.55	1
21.555	1
21.56	1
21.565	1
21.57	1
21.575	1
21.58	1
21.585	1
21.59	1
21.595	1
21.6	1
21.605	1
21.61	1
21.615	1
21.62	1
21.625	1
21.63	1
21.635	1
21.64	1
21.645	1
21.65	1
21.655	1
21.66	1
21.665	1
21.67	1
21.675	1
21.68	1
21.685	1
21.69	1
21.695	1
21.7	1
21.705	1
21.71	1
21.715	1
21.72	1
21.725	1
21.73	1
21.735	1
21.74	1
21.745	1
21.75	1
21.755	1
21.76	1
21.765	1
21.77	1
21.775	1
21.78	1
21.785	1
21.79	1
21.795	1
21.8	1
21.805	1
21.81	1
21.815	1
21.82	1
21.825	1
21.83	1
21.835	1
21.84	1
21.845	1
21.85	1
21.855	1
21.86	1
21.865	1
21.87	1
21.875	1
21.88	1
21.885	1
21.89	1
21.895	1
21.9	1
21.905	1
21.91	1
21.915	1
21.92	1
21.925	1
21.93	1
21.935	1
21.94	1
21.945	1
21.95	1
21.955	1
21.96	1
21.965	1
21.97	1
21.975	1
21.98	1
21.985	1
21.99	1
21.995	1
22	1
22.005	1
22.01	1
22.015	1
22.02	1
22.025	1
22.03	1
22.035	1
22.04	1
22.045	1
22.05	1
22.055	1
22.06	1
22.065	1
22.07	1
22.075	1
22.08	1
22.085	1
22.09	1
22.095	1
22.1	1
22.105	1
22.11	1
22.115	1
22.12	1
22.125	1
22.13	1
22.135	1
22.14	1
22.145	1
22.15	1
22.155	1
22.16	1
22.165	1
22.17	1
22.175	1
22.18	1
22.185	1
22.19	1
22.195	1
22.2	1
22.205	1
22.21	1
22.215	1
22.22	1
22.225	1
22.23	1
22.235	1
22.24	1
22.245	1
22.25	1
22.255	1
22.26	1
22.265	1
22.27	1
22.275	1
22.28	1
22.285	1
22.29	1
22.295	1
22.3	1
22.305	1
22.31	1
22.315	1
22.32	1
22.325	1
22.33	1
22.335	1
22.34	1
22.345	1
22.35	1
22.355	1
22.36	1
22.365	1
22.37	1
22.375	1
22.38	1
22.385	1
22.39	1
22.395	1
22.4	1
22.405	1
22.41	1
22.415	1
22.42	1
22.425	1
22.43	1
22.435	1
22.44	1
22.445	1
22.45	1
22.455	1
22.46	1
22.465	1
22.47	1
22.475	1
22.48	1
22.485	1
22.49	1
22.495	1
22.5	1
22.505	1
22.51	1
22.515	1
22.52	1
22.525	1
22.53	1
22.535	1
22.54	1
22.545	1
22.55	1
22.555	1
22.56	1
22.565	1
22.57	1
22.575	1
22.58	1
22.585	1
22.59	1
22.595	1
22.6	1
22.605	1
22.61	1
22.615	1
22.62	1
22.625	1
22.63	1
22.635	1
22.64	1
22.645	1
22.65	1
22.655	1
22.66	1
22.665	1
22.67	1
22.675	1
22.68	1
22.685	1
22.69	1
22.695	1
22.7	1
22.705	1
22.71	1
22.715	1
22.72	1
22.725	1
22.73	1
22.735	1
22.74	1
22.745	1
22.75	1
22.755	1
22.76	1
22.765	1
22.77	1
22.775	1
22.78	1
22.785	1
22.79	1
22.795	1
22.8	1
22.805	1
22.81	1
22.815	1
22.82	1
22.825	1
22.83	1
22.835	1
22.84	1
22.845	1
22.85	1
22.855	1
22.86	1
22.865	1
22.87	1
22.875	1
22.88	1
22.885	1
22.89	1
22.895	1
22.9	1
22.905	1
22.91	1
22.915	1
22.92	1
22.925	1
22.93	1
22.935	1
22.94	1
22.945	1
22.95	1
22.955	1
22.96	1
22.965	1
22.97	1
22.975	1
22.98	1
22.985	1
22.99	1
22.995	1
23	1
23.005	1
23.01	1
23.015	1
23.02	1
23.025	1
23.03	1
23.035	1
23.04	1
23.045	1
23.05	1
23.055	1
23.06	1
23.065	1
23.07	1
23.075	1
23.08	1
23.085	1
23.09	1
23.095	1
23.1	1
23.105	1
23.11	1
23.115	1
23.12	1
23.125	1
23.13	1
23.135	1
23.14	1
23.145	1
23.15	1
23.155	1
23.16	1
23.165	1
23.17	1
23.175	1
23.18	1
23.185	1
23.19	1
23.195	1
23.2	1
23.205	1
23.21	1
23.215	1
23.22	1
23.225	1
23.23	1
23.235	1
23.24	1
23.245	1
23.25	1
23.255	1
23.26	1
23.265	1
23.27	1
23.275	1
23.28	1
23.285	1
23.29	1
23.295	1
23.3	1
23.305	1
23.31	1
23.315	1
23.32	1
23.325	1
23.33	1
23.335	1
23.34	1
23.345	1
23.35	1
23.355	1
23.36	1
23.365	1
23.37	1
23.375	1
23.38	1
23.385	1
23.39	1
23.395	1
23.4	1
23.405	1
23.41	1
23.415	1
23.42	1
23.425	1
23.43	1
23.435	1
23.44	1
23.445	1
23.45	1
23.455	1
23.46	1
23.465	1
23.47	1
23.475	1
23.48	1
23.485	1
23.49	1
23.495	1
23.5	1
23.505	1
23.51	1
23.515	1
23.52	1
23.525	1
23.53	1
23.535	1
23.54	1
23.545	1
23.55	1
23.555	1
23.56	1
23.565	1
23.57	1
23.575	1
23.58	1
23.585	1
23.59	1
23.595	1
23.6	1
23.605	1
23.61	1
23.615	1
23.62	1
23.625	1
23.63	1
23.635	1
23.64	1
23.645	1
23.65	1
23.655	1
23.66	1
23.665	1
23.67	1
23.675	1
23.68	1
23.685	1
23.69	1
23.695	1
23.7	1
23.705	1
23.71	1
23.715	1
23.72	1
23.725	1
23.73	1
23.735	1
23.74	1
23.745	1
23.75	1
23.755	1
23.76	1
23.765	1
23.77	1
23.775	1
23.78	1
23.785	1
23.79	1
23.795	1
23.8	1
23.805	1
23.81	1
23.815	1
23.82	1
23.825	1
23.83	1
23.835	1
23.84	1
23.845	1
23.85	1
23.855	1
23.86	1
23.865	1
23.87	1
23.875	1
23.88	1
23.885	1
23.89	1
23.895	1
23.9	1
23.905	1
23.91	1
23.915	1
23.92	1
23.925	1
23.93	1
23.935	1
23.94	1
23.945	1
23.95	1
23.955	1
23.96	1
23.965	1
23.97	1
23.975	1
23.98	1
23.985	1
23.99	1
23.995	1
24	1
24.005	1
24.01	1
24.015	1
24.02	1
24.025	1
24.03	1
24.035	1
24.04	1
24.045	1
24.05	1
24.055	1
24.06	1
24.065	1
24.07	1
24.075	1
24.08	1
24.085	1
24.09	1
24.095	1
24.1	1
24.105	1
24.11	1
24.115	1
24.12	1
24.125	1
24.13	1
24.135	1
24.14	1
24.145	1
24.15	1
24.155	1
24.16	1
24.165	1
24.17	1
24.175	1
24.18	1
24.185	1
24.19	1
24.195	1
24.2	1
24.205	1
24.21	1
24.215	1
24.22	1
24.225	1
24.23	1
24.235	1
24.24	1
24.245	1
24.25	1
24.255	1
24.26	1
24.265	1
24.27	1
24.275	1
24.28	1
24.285	1
24.29	1
24.295	1
24.3	1
24.305	1
24.31	1
24.315	1
24.32	1
24.325	1
24.33	1
24.335	1
24.34	1
24.345	1
24.35	1
24.355	1
24.36	1
24.365	1
24.37	1
24.375	1
24.38	1
24.385	1
24.39	1
24.395	1
24.4	1
24.405	1
24.41	1
24.415	1
24.42	1
24.425	1
24.43	1
24.435	1
24.44	1
24.445	1
24.45	1
24.455	1
24.46	1
24.465	1
24.47	1
24.475	1
24.48	1
24.485	1
24.49	1
24.495	1
24.5	1
24.505	1
24.51	1
24.515	1
24.52	1
24.525	1
24.53	1
24.535	1
24.54	1
24.545	1
24.55	1
24.555	1
24.56	1
24.565	1
24.57	1
24.575	1
24.58	1
24.585	1
24.59	1
24.595	1
24.6	1
24.605	1
24.61	1
24.615	1
24.62	1
24.625	1
24.63	1
24.635	1
24.64	1
24.645	1
24.65	1
24.655	1
24.66	1
24.665	1
24.67	1
24.675	1
24.68	1
24.685	1
24.69	1
24.695	1
24.7	1
24.705	1
24.71	1
24.715	1
24.72	1
24.725	1
24.73	1
24.735	1
24.74	1
24.745	1
24.75	1
24.755	1
24.76	1
24.765	1
24.77	1
24.775	1
24.78	1
24.785	1
24.79	1
24.795	1
24.8	1
24.805	1
24.81	1
24.815	1
24.82	1
24.825	1
24.83	1
24.835	1
24.84	1
24.845	1
24.85	1
24.855	1
24.86	1
24.865	1
24.87	1
24.875	1
24.88	1
24.885	1
24.89	1
24.895	1
24.9	1
24.905	1
24.91	1
24.915	1
24.92	1
24.925	1
24.93	1
24.935	1
24.94	1
24.945	1
24.95	1
24.955	1
24.96	1
24.965	1
24.97	1
24.975	1
24.98	1
24.985	1
24.99	1
24.995	1
25	1
25.005	1
25.01	1
25.015	1
25.02	1
25.025	1
25.03	1
25.035	1
25.04	1
25.045	1
25.05	1
25.055	1
25.06	1
25.065	1
25.07	1
25.075	1
25.08	1
25.085	1
25.09	1
25.095	1
25.1	1
25.105	1
25.11	1
25.115	1
25.12	1
25.125	1
25.13	1
25.135	1
25.14	1
25.145	1
25.15	1
25.155	1
25.16	1
25.165	1
25.17	1
25.175	1
25.18	1
25.185	1
25.19	1
25.195	1
25.2	1
25.205	1
25.21	1
25.215	1
25.22	1
25.225	1
25.23	1
25.235	1
25.24	1
25.245	1
25.25	1
25.255	1
25.26	1
25.265	1
25.27	1
25.275	1
25.28	1
25.285	1
25.29	1
25.295	1
25.3	1
25.305	1
25.31	1
25.315	1
25.32	1
25.325	1
25.33	1
25.335	1
25.34	1
25.345	1
25.35	1
25.355	1
25.36	1
25.365	1
25.37	1
25.375	1
25.38	1
25.385	1
25.39	1
25.395	1
25.4	1
25.405	1
25.41	1
25.415	1
25.42	1
25.425	1
25.43	1
25.435	1
25.44	1
25.445	1
25.45	1
25.455	1
25.46	1
25.465	1
25.47	1
25.475	1
25.48	1
25.485	1
25.49	1
25.495	1
25.5	1
25.505	1
25.51	1
25.515	1
25.52	1
25.525	1
25.53	1
25.535	1
25.54	1
25.545	1
25.55	1
25.555	1
25.56	1
25.565	1
25.57	1
25.575	1
25.58	1
25.585	1
25.59	1
25.595	1
25.6	1
25.605	1
25.61	1
25.615	1
25.62	1
25.625	1
25.63	1
25.635	1
25.64	1
25.645	1
25.65	1
25.655	1
25.66	1
25.665	1
25.67	1
25.675	1
25.68	1
25.685	1
25.69	1
25.695	1
25.7	1
25.705	1
25.71	1
25.715	1
25.72	1
25.725	1
25.73	1
25.735	1
25.74	1
25.745	1
25.75	1
25.755	1
25.76	1
25.765	1
25.77	1
25.775	1
25.78	1
25.785	1
25.79	1
25.795	1
25.8	1
25.805	1
25.81	1
25.815	1
25.82	1
25.825	1
25.83	1
25.835	1
25.84	1
25.845	1
25.85	1
25.855	1
25.86	1
25.865	1
25.87	1
25.875	1
25.88	1
25.885	1
25.89	1
25.895	1
25.9	1
25.905	1
25.91	1
25.915	1
25.92	1
25.925	1
25.93	1
25.935	1
25.94	1
25.945	1
25.95	1
25.955	1
25.96	1
25.965	1
25.97	1
25.975	1
25.98	1
25.985	1
25.99	1
25.995	1
26	1
26.005	1
26.01	1
26.015	1
26.02	1
26.025	1
26.03	1
26.035	1
26.04	1
26.045	1
26.05	1
26.055	1
26.06	1
26.065	1
26.07	1
26.075	1
26.08	1
26.085	1
26.09	1
26.095	1
26.1	1
26.105	1
26.11	1
26.115	1
26.12	1
26.125	1
26.13	1
26.135	1
26.14	1
26.145	1
26.15	1
26.155	1
26.16	1
26.165	1
26.17	1
26.175	1
26.18	1
26.185	1
26.19	1
26.195	1
26.2	1
26.205	1
26.21	1
26.215	1
26.22	1
26.225	1
26.23	1
26.235	1
26.24	1
26.245	1
26.25	1
26.255	1
26.26	1
26.265	1
26.27	1
26.275	1
26.28	1
26.285	1
26.29	1
26.295	1
26.3	1
26.305	1
26.31	1
26.315	1
26.32	1
26.325	1
26.33	1
26.335	1
26.34	1
26.345	1
26.35	1
26.355	1
26.36	1
26.365	1
26.37	1
26.375	1
26.38	1
26.385	1
26.39	1
26.395	1
26.4	1
26.405	1
26.41	1
26.415	1
26.42	1
26.425	1
26.43	1
26.435	1
26.44	1
26.445	1
26.45	1
26.455	1
26.46	1
26.465	1
26.47	1
26.475	1
26.48	1
26.485	1
26.49	1
26.495	1
26.5	1
26.505	1
26.51	1
26.515	1
26.52	1
26.525	1
26.53	1
26.535	1
26.54	1
26.545	1
26.55	1
26.555	1
26.56	1
26.565	1
26.57	1
26.575	1
26.58	1
26.585	1
26.59	1
26.595	1
26.6	1
26.605	1
26.61	1
26.615	1
26.62	1
26.625	1
26.63	1
26.635	1
26.64	1
26.645	1
26.65	1
26.655	1
26.66	1
26.665	1
26.67	1
26.675	1
26.68	1
26.685	1
26.69	1
26.695	1
26.7	1
26.705	1
26.71	1
26.715	1
26.72	1
26.725	1
26.73	1
26.735	1
26.74	1
26.745	1
26.75	1
26.755	1
26.76	1
26.765	1
26.77	1
26.775	1
26.78	1
26.785	1
26.79	1
26.795	1
26.8	1
26.805	1
26.81	1
26.815	1
26.82	1
26.825	1
26.83	1
26.835	1
26.84	1
26.845	1
26.85	1
26.855	1
26.86	1
26.865	1
26.87	1
26.875	1
26.88	1
26.885	1
26.89	1
26.895	1
26.9	1
26.905	1
26.91	1
26.915	1
26.92	1
26.925	1
26.93	1
26.935	1
26.94	1
26.945	1
26.95	1
26.955	1
26.96	1
26.965	1
26.97	1
26.975	1
26.98	1
26.985	1
26.99	1
26.995	1
27	1
27.005	1
27.01	1
27.015	1
27.02	1
27.025	1
27.03	1
27.035	1
27.04	1
27.045	1
27.05	1
27.055	1
27.06	1
27.065	1
27.07	1
27.075	1
27.08	1
27.085	1
27.09	1
27.095	1
27.1	1
27.105	1
27.11	1
27.115	1
27.12	1
27.125	1
27.13	1
27.135	1
27.14	1
27.145	1
27.15	1
27.155	1
27.16	1
27.165	1
27.17	1
27.175	1
27.18	1
27.185	1
27.19	1
27.195	1
27.2	1
27.205	1
27.21	1
27.215	1
27.22	1
27.225	1
27.23	1
27.235	1
27.24	1
27.245	1
27.25	1
27.255	1
27.26	1
27.265	1
27.27	1
27.275	1
27.28	1
27.285	1
27.29	1
27.295	1
27.3	1
27.305	1
27.31	1
27.315	1
27.32	1
27.325	1
27.33	1
27.335	1
27.34	1
27.345	1
27.35	1
27.355	1
27.36	1
27.365	1
27.37	1
27.375	1
27.38	1
27.385	1
27.39	1
27.395	1
27.4	1
27.405	1
27.41	1
27.415	1
27.42	1
27.425	1
27.43	1
27.435	1
27.44	1
27.445	1
27.45	1
27.455	1
27.46	1
27.465	1
27.47	1
27.475	1
27.48	1
27.485	1
27.49	1
27.495	1
27.5	1
27.505	1
27.51	1
27.515	1
27.52	1
27.525	1
27.53	1
27.535	1
27.54	1
27.545	1
27.55	1
27.555	1
27.56	1
27.565	1
27.57	1
27.575	1
27.58	1
27.585	1
27.59	1
27.595	1
27.6	1
27.605	1
27.61	1
27.615	1
27.62	1
27.625	1
27.63	1
27.635	1
27.64	1
27.645	1
27.65	1
27.655	1
27.66	1
27.665	1
27.67	1
27.675	1
27.68	1
27.685	1
27.69	1
27.695	1
27.7	1
27.705	1
27.71	1
27.715	1
27.72	1
27.725	1
27.73	1
27.735	1
27.74	1
27.745	1
27.75	1
27.755	1
27.76	1
27.765	1
27.77	1
27.775	1
27.78	1
27.785	1
27.79	1
27.795	1
27.8	1
27.805	1
27.81	1
27.815	1
27.82	1
27.825	1
27.83	1
27.835	1
27.84	1
27.845	1
27.85	1
27.855	1
27.86	1
27.865	1
27.87	1
27.875	1
27.88	1
27.885	1
27.89	1
27.895	1
27.9	1
27.905	1
27.91	1
27.915	1
27.92	1
27.925	1
27.93	1
27.935	1
27.94	1
27.945	1
27.95	1
27.955	1
27.96	1
27.965	1
27.97	1
27.975	1
27.98	1
27.985	1
27.99	1
27.995	1
28	1
28.005	1
28.01	1
28.015	1
28.02	1
28.025	1
28.03	1
28.035	1
28.04	1
28.045	1
28.05	1
28.055	1
28.06	1
28.065	1
28.07	1
28.075	1
28.08	1
28.085	1
28.09	1
28.095	1
28.1	1
28.105	1
28.11	1
28.115	1
28.12	1
28.125	1
28.13	1
28.135	1
28.14	1
28.145	1
28.15	1
28.155	1
28.16	1
28.165	1
28.17	1
28.175	1
28.18	1
28.185	1
28.19	1
28.195	1
28.2	1
28.205	1
28.21	1
28.215	1
28.22	1
28.225	1
28.23	1
28.235	1
28.24	1
28.245	1
28.25	1
28.255	1
28.26	1
28.265	1
28.27	1
28.275	1
28.28	1
28.285	1
28.29	1
28.295	1
28.3	1
28.305	1
28.31	1
28.315	1
28.32	1
28.325	1
28.33	1
28.335	1
28.34	1
28.345	1
28.35	1
28.355	1
28.36	1
28.365	1
28.37	1
28.375	1
28.38	1
28.385	1
28.39	1
28.395	1
28.4	1
28.405	1
28.41	1
28.415	1
28.42	1
28.425	1
28.43	1
28.435	1
28.44	1
28.445	1
28.45	1
28.455	1
28.46	1
28.465	1
28.47	1
28.475	1
28.48	1
28.485	1
28.49	1
28.495	1
28.5	1
28.505	1
28.51	1
28.515	1
28.52	1
28.525	1
28.53	1
28.535	1
28.54	1
28.545	1
28.55	1
28.555	1
28.56	1
28.565	1
28.57	1
28.575	1
28.58	1
28.585	1
28.59	1
28.595	1
28.6	1
28.605	1
28.61	1
28.615	1
28.62	1
28.625	1
28.63	1
28.635	1
28.64	1
28.645	1
28.65	1
28.655	1
28.66	1
28.665	1
28.67	1
28.675	1
28.68	1
28.685	1
28.69	1
28.695	1
28.7	1
28.705	1
28.71	1
28.715	1
28.72	1
28.725	1
28.73	1
28.735	1
28.74	1
28.745	1
28.75	1
28.755	1
28.76	1
28.765	1
28.77	1
28.775	1
28.78	1
28.785	1
28.79	1
28.795	1
28.8	1
28.805	1
28.81	1
28.815	1
28.82	1
28.825	1
28.83	1
28.835	1
28.84	1
28.845	1
28.85	1
28.855	1
28.86	1
28.865	1
28.87	1
28.875	1
28.88	1
28.885	1
28.89	1
28.895	1
28.9	1
28.905	1
28.91	1
28.915	1
28.92	1
28.925	1
28.93	1
28.935	1
28.94	1
28.945	1
28.95	1
28.955	1
28.96	1
28.965	1
28.97	1
28.975	1
28.98	1
28.985	1
28.99	1
28.995	1
29	1
29.005	1
29.01	1
29.015	1
29.02	1
29.025	1
29.03	1
29.035	1
29.04	1
29.045	1
29.05	1
29.055	1
29.06	1
29.065	1
29.07	1
29.075	1
29.08	1
29.085	1
29.09	1
29.095	1
29.1	1
29.105	1
29.11	1
29.115	1
29.12	1
29.125	1
29.13	1
29.135	1
29.14	1
29.145	1
29.15	1
29.155	1
29.16	1
29.165	1
29.17	1
29.175	1
29.18	1
29.185	1
29.19	1
29.195	1
29.2	1
29.205	1
29.21	1
29.215	1
29.22	1
29.225	1
29.23	1
29.235	1
29.24	1
29.245	1
29.25	1
29.255	1
29.26	1
29.265	1
29.27	1
29.275	1
29.28	1
29.285	1
29.29	1
29.295	1
29.3	1
29.305	1
29.31	1
29.315	1
29.32	1
29.325	1
29.33	1
29.335	1
29.34	1
29.345	1
29.35	1
29.355	1
29.36	1
29.365	1
29.37	1
29.375	1
29.38	1
29.385	1
29.39	1
29.395	1
29.4	1
29.405	1
29.41	1
29.415	1
29.42	1
29.425	1
29.43	1
29.435	1
29.44	1
29.445	1
29.45	1
29.455	1
29.46	1
29.465	1
29.47	1
29.475	1
29.48	1
29.485	1
29.49	1
29.495	1
29.5	1
29.505	1
29.51	1
29.515	1
29.52	1
29.525	1
29.53	1
29.535	1
29.54	1
29.545	1
29.55	1
29.555	1
29.56	1
29.565	1
29.57	1
29.575	1
29.58	1
29.585	1
29.59	1
29.595	1
29.6	1
29.605	1
29.61	1
29.615	1
29.62	1
29.625	1
29.63	1
29.635	1
29.64	1
29.645	1
29.65	1
29.655	1
29.66	1
29.665	1
29.67	1
29.675	1
29.68	1
29.685	1
29.69	1
29.695	1
29.7	1
29.705	1
29.71	1
29.715	1
29.72	1
29.725	1
29.73	1
29.735	1
29.74	1
29.745	1
29.75	1
29.755	1
29.76	1
29.765	1
29.77	1
29.775	1
29.78	1
29.785	1
29.79	1
29.795	1
29.8	1
29.805	1
29.81	1
29.815	1
29.82	1
29.825	1
29.83	1
29.835	1
29.84	1
29.845	1
29.85	1
29.855	1
29.86	1
29.865	1
29.87	1
29.875	1
29.88	1
29.885	1
29.89	1
29.895	1
29.9	1
29.905	1
29.91	1
29.915	1
29.92	1
29.925	1
29.93	1
29.935	1
29.94	1
29.945	1
29.95	1
29.955	1
29.96	1
29.965	1
29.97	1
29.975	1
29.98	1
29.985	1
29.99	1
29.995	1
30	1
30.005	1
30.01	1
30.015	1
30.02	1
30.025	1
30.03	1
30.035	1
30.04	1
30.045	1
30.05	1
30.055	1
30.06	1
30.065	1
30.07	1
30.075	1
30.08	1
30.085	1
30.09	1
30.095	1
30.1	1
30.105	1
30.11	1
30.115	1
30.12	1
30.125	1
30.13	1
30.135	1
30.14	1
30.145	1
30.15	1
30.155	1
30.16	1
30.165	1
30.17	1
30.175	1
30.18	1
30.185	1
30.19	1
30.195	1
30.2	1
30.205	1
30.21	1
30.215	1
30.22	1
30.225	1
30.23	1
30.235	1
30.24	1
30.245	1
30.25	1
30.255	1
30.26	1
30.265	1
30.27	1
30.275	1
30.28	1
30.285	1
30.29	1
30.295	1
30.3	1
30.305	1
30.31	1
30.315	1
30.32	1
30.325	1
30.33	1
30.335	1
30.34	1
30.345	1
30.35	1
30.355	1
30.36	1
30.365	1
30.37	1
30.375	1
30.38	1
30.385	1
30.39	1
30.395	1
30.4	1
30.405	1
30.41	1
30.415	1
30.42	1
30.425	1
30.43	1
30.435	1
30.44	1
30.445	1
30.45	1
30.455	1
30.46	1
30.465	1
30.47	1
30.475	1
30.48	1
30.485	1
30.49	1
30.495	1
30.5	1
30.505	1
30.51	1
30.515	1
30.52	1
30.525	1
30.53	1
30.535	1
30.54	1
30.545	1
30.55	1
30.555	1
30.56	1
30.565	1
30.57	1
30.575	1
30.58	1
30.585	1
30.59	1
30.595	1
30.6	1
30.605	1
30.61	1
30.615	1
30.62	1
30.625	1
30.63	1
30.635	1
30.64	1
30.645	1
30.65	1
30.655	1
30.66	1
30.665	1
30.67	1
30.675	1
30.68	1
30.685	1
30.69	1
30.695	1
30.7	1
30.705	1
30.71	1
30.715	1
30.72	1
30.725	1
30.73	1
30.735	1
30.74	1
30.745	1
30.75	1
30.755	1
30.76	1
30.765	1
30.77	1
30.775	1
30.78	1
30.785	1
30.79	1
30.795	1
30.8	1
30.805	1
30.81	1
30.815	1
30.82	1
30.825	1
30.83	1
30.835	1
30.84	1
30.845	1
30.85	1
30.855	1
30.86	1
30.865	1
30.87	1
30.875	1
30.88	1
30.885	1
30.89	1
30.895	1
30.9	1
30.905	1
30.91	1
30.915	1
30.92	1
30.925	1
30.93	1
30.935	1
30.94	1
30.945	1
30.95	1
30.955	1
30.96	1
30.965	1
30.97	1
30.975	1
30.98	1
30.985	1
30.99	1
30.995	1
31	1
31.005	1
31.01	1
31.015	1
31.02	1
31.025	1
31.03	1
31.035	1
31.04	1
31.045	1
31.05	1
31.055	1
31.06	1
31.065	1
31.07	1
31.075	1
31.08	1
31.085	1
31.09	1
31.095	1
31.1	1
31.105	1
31.11	1
31.115	1
31.12	1
31.125	1
31.13	1
31.135	1
31.14	1
31.145	1
31.15	1
31.155	1
31.16	1
31.165	1
31.17	1
31.175	1
31.18	1
31.185	1
31.19	1
31.195	1
31.2	1
31.205	1
31.21	1
31.215	1
31.22	1
31.225	1
31.23	1
31.235	1
31.24	1
31.245	1
31.25	1
31.255	1
31.26	1
31.265	1
31.27	1
31.275	1
31.28	1
31.285	1
31.29	1
31.295	1
31.3	1
31.305	1
31.31	1
31.315	1
31.32	1
31.325	1
31.33	1
31.335	1
31.34	1
31.345	1
31.35	1
31.355	1
31.36	1
31.365	1
31.37	1
31.375	1
31.38	1
31.385	1
31.39	1
31.395	1
31.4	1
31.405	1
31.41	1
31.415	1
31.42	1
31.425	1
31.43	1
31.435	1
31.44	1
31.445	1
31.45	1
31.455	1
31.46	1
31.465	1
31.47	1
31.475	1
31.48	1
31.485	1
31.49	1
31.495	1
31.5	1
31.505	1
31.51	1
31.515	1
31.52	1
31.525	1
31.53	1
31.535	1
31.54	1
31.545	1
31.55	1
31.555	1
31.56	1
31.565	1
31.57	1
31.575	1
31.58	1
31.585	1
31.59	1
31.595	1
31.6	1
31.605	1
31.61	1
31.615	1
31.62	1
31.625	1
31.63	1
31.635	1
31.64	1
31.645	1
31.65	1
31.655	1
31.66	1
31.665	1
31.67	1
31.675	1
31.68	1
31.685	1
31.69	1
31.695	1
31.7	1
31.705	1
31.71	1
31.715	1
31.72	1
31.725	1
31.73	1
31.735	1
31.74	1
31.745	1
31.75	1
31.755	1
31.76	1
31.765	1
31.77	1
31.775	1
31.78	1
31.785	1
31.79	1
31.795	1
31.8	1
31.805	1
31.81	1
31.815	1
31.82	1
31.825	1
31.83	1
31.835	1
31.84	1
31.845	1
31.85	1
31.855	1
31.86	1
31.865	1
31.87	1
31.875	1
31.88	1
31.885	1
31.89	1
31.895	1
31.9	1
31.905	1
31.91	1
31.915	1
31.92	1
31.925	1
31.93	1
31.935	1
31.94	1
31.945	1
31.95	1
31.955	1
31.96	1
31.965	1
31.97	1
31.975	1
31.98	1
31.985	1
31.99	1
31.995	1
32	1
32.005	1
32.01	1
32.015	1
32.02	1
32.025	1
32.03	1
32.035	1
32.04	1
32.045	1
32.05	1
32.055	1
32.06	1
32.065	1
32.07	1
32.075	1
32.08	1
32.085	1
32.09	1
32.095	1
32.1	1
32.105	1
32.11	1
32.115	1
32.12	1
32.125	1
32.13	1
32.135	1
32.14	1
32.145	1
32.15	1
32.155	1
32.16	1
32.165	1
32.17	1
32.175	1
32.18	1
32.185	1
32.19	1
32.195	1
32.2	1
32.205	1
32.21	1
32.215	1
32.22	1
32.225	1
32.23	1
32.235	1
32.24	1
32.245	1
32.25	1
32.255	1
32.26	1
32.265	1
32.27	1
32.275	1
32.28	1
32.285	1
32.29	1
32.295	1
32.3	1
32.305	1
32.31	1
32.315	1
32.32	1
32.325	1
32.33	1
32.335	1
32.34	1
32.345	1
32.35	1
32.355	1
32.36	1
32.365	1
32.37	1
32.375	1
32.38	1
32.385	1
32.39	1
32.395	1
32.4	1
32.405	1
32.41	1
32.415	1
32.42	1
32.425	1
32.43	1
32.435	1
32.44	1
32.445	1
32.45	1
32.455	1
32.46	1
32.465	1
32.47	1
32.475	1
32.48	1
32.485	1
32.49	1
32.495	1
32.5	1
32.505	1
32.51	1
32.515	1
32.52	1
32.525	1
32.53	1
32.535	1
32.54	1
32.545	1
32.55	1
32.555	1
32.56	1
32.565	1
32.57	1
32.575	1
32.58	1
32.585	1
32.59	1
32.595	1
32.6	1
32.605	1
32.61	1
32.615	1
32.62	1
32.625	1
32.63	1
32.635	1
32.64	1
32.645	1
32.65	1
32.655	1
32.66	1
32.665	1
32.67	1
32.675	1
32.68	1
32.685	1
32.69	1
32.695	1
32.7	1
32.705	1
32.71	1
32.715	1
32.72	1
32.725	1
32.73	1
32.735	1
32.74	1
32.745	1
32.75	1
32.755	1
32.76	1
32.765	1
32.77	1
32.775	1
32.78	1
32.785	1
32.79	1
32.795	1
32.8	1
32.805	1
32.81	1
32.815	1
32.82	1
32.825	1
32.83	1
32.835	1
32.84	1
32.845	1
32.85	1
32.855	1
32.86	1
32.865	1
32.87	1
32.875	1
32.88	1
32.885	1
32.89	1
32.895	1
32.9	1
32.905	1
32.91	1
32.915	1
32.92	1
32.925	1
32.93	1
32.935	1
32.94	1
32.945	1
32.95	1
32.955	1
32.96	1
32.965	1
32.97	1
32.975	1
32.98	1
32.985	1
32.99	1
32.995	1
33	1
33.005	1
33.01	1
33.015	1
33.02	1
33.025	1
33.03	1
33.035	1
33.04	1
33.045	1
33.05	1
33.055	1
33.06	1
33.065	1
33.07	1
33.075	1
33.08	1
33.085	1
33.09	1
33.095	1
33.1	1
33.105	1
33.11	1
33.115	1
33.12	1
33.125	1
33.13	1
33.135	1
33.14	1
33.145	1
33.15	1
33.155	1
33.16	1
33.165	1
33.17	1
33.175	1
33.18	1
33.185	1
33.19	1
33.195	1
33.2	1
33.205	1
33.21	1
33.215	1
33.22	1
33.225	1
33.23	1
33.235	1
33.24	1
33.245	1
33.25	1
33.255	1
33.26	1
33.265	1
33.27	1
33.275	1
33.28	1
33.285	1
33.29	1
33.295	1
33.3	1
33.305	1
33.31	1
33.315	1
33.32	1
33.325	1
33.33	1
33.335	1
33.34	1
33.345	1
33.35	1
33.355	1
33.36	1
33.365	1
33.37	1
33.375	1
33.38	1
33.385	1
33.39	1
33.395	1
33.4	1
33.405	1
33.41	1
33.415	1
33.42	1
33.425	1
33.43	1
33.435	1
33.44	1
33.445	1
33.45	1
33.455	1
33.46	1
33.465	1
33.47	1
33.475	1
33.48	1
33.485	1
33.49	1
33.495	1
33.5	1
33.505	1
33.51	1
33.515	1
33.52	1
33.525	1
33.53	1
33.535	1
33.54	1
33.545	1
33.55	1
33.555	1
33.56	1
33.565	1
33.57	1
33.575	1
33.58	1
33.585	1
33.59	1
33.595	1
33.6	1
33.605	1
33.61	1
33.615	1
33.62	1
33.625	1
33.63	1
33.635	1
33.64	1
33.645	1
33.65	1
33.655	1
33.66	1
33.665	1
33.67	1
33.675	1
33.68	1
33.685	1
33.69	1
33.695	1
33.7	1
33.705	1
33.71	1
33.715	1
33.72	1
33.725	1
33.73	1
33.735	1
33.74	1
33.745	1
33.75	1
33.755	1
33.76	1
33.765	1
33.77	1
33.775	1
33.78	1
33.785	1
33.79	1
33.795	1
33.8	1
33.805	1
33.81	1
33.815	1
33.82	1
33.825	1
33.83	1
33.835	1
33.84	1
33.845	1
33.85	1
33.855	1
33.86	1
33.865	1
33.87	1
33.875	1
33.88	1
33.885	1
33.89	1
33.895	1
33.9	1
33.905	1
33.91	1
33.915	1
33.92	1
33.925	1
33.93	1
33.935	1
33.94	1
33.945	1
33.95	1
33.955	1
33.96	1
33.965	1
33.97	1
33.975	1
33.98	1
33.985	1
33.99	1
33.995	1
34	1
34.005	1
34.01	1
34.015	1
34.02	1
34.025	1
34.03	1
34.035	1
34.04	1
34.045	1
34.05	1
34.055	1
34.06	1
34.065	1
34.07	1
34.075	1
34.08	1
34.085	1
34.09	1
34.095	1
34.1	1
34.105	1
34.11	1
34.115	1
34.12	1
34.125	1
34.13	1
34.135	1
34.14	1
34.145	1
34.15	1
34.155	1
34.16	1
34.165	1
34.17	1
34.175	1
34.18	1
34.185	1
34.19	1
34.195	1
34.2	1
34.205	1
34.21	1
34.215	1
34.22	1
34.225	1
34.23	1
34.235	1
34.24	1
34.245	1
34.25	1
34.255	1
34.26	1
34.265	1
34.27	1
34.275	1
34.28	1
34.285	1
34.29	1
34.295	1
34.3	1
34.305	1
34.31	1
34.315	1
34.32	1
34.325	1
34.33	1
34.335	1
34.34	1
34.345	1
34.35	1
34.355	1
34.36	1
34.365	1
34.37	1
34.375	1
34.38	1
34.385	1
34.39	1
34.395	1
34.4	1
34.405	1
34.41	1
34.415	1
34.42	1
34.425	1
34.43	1
34.435	1
34.44	1
34.445	1
34.45	1
34.455	1
34.46	1
34.465	1
34.47	1
34.475	1
34.48	1
34.485	1
34.49	1
34.495	1
34.5	1
34.505	1
34.51	1
34.515	1
34.52	1
34.525	1
34.53	1
34.535	1
34.54	1
34.545	1
34.55	1
34.555	1
34.56	1
34.565	1
34.57	1
34.575	1
34.58	1
34.585	1
34.59	1
34.595	1
34.6	1
34.605	1
34.61	1
34.615	1
34.62	1
34.625	1
34.63	1
34.635	1
34.64	1
34.645	1
34.65	1
34.655	1
34.66	1
34.665	1
34.67	1
34.675	1
34.68	1
34.685	1
34.69	1
34.695	1
34.7	1
34.705	1
34.71	1
34.715	1
34.72	1
34.725	1
34.73	1
34.735	1
34.74	1
34.745	1
34.75	1
34.755	1
34.76	1
34.765	1
34.77	1
34.775	1
34.78	1
34.785	1
34.79	1
34.795	1
34.8	1
34.805	1
34.81	1
34.815	1
34.82	1
34.825	1
34.83	1
34.835	1
34.84	1
34.845	1
34.85	1
34.855	1
34.86	1
34.865	1
34.87	1
34.875	1
34.88	1
34.885	1
34.89	1
34.895	1
34.9	1
34.905	1
34.91	1
34.915	1
34.92	1
34.925	1
34.93	1
34.935	1
34.94	1
34.945	1
34.95	1
34.955	1
34.96	1
34.965	1
34.97	1
34.975	1
34.98	1
34.985	1
34.99	1
34.995	1
35	1
35.005	1
35.01	1
35.015	1
35.02	1
35.025	1
35.03	1
35.035	1
35.04	1
35.045	1
35.05	1
35.055	1
35.06	1
35.065	1
35.07	1
35.075	1
35.08	1
35.085	1
35.09	1
35.095	1
35.1	1
35.105	1
35.11	1
35.115	1
35.12	1
35.125	1
35.13	1
35.135	1
35.14	1
35.145	1
35.15	1
35.155	1
35.16	1
35.165	1
35.17	1
35.175	1
35.18	1
35.185	1
35.19	1
35.195	1
35.2	1
35.205	1
35.21	1
35.215	1
35.22	1
35.225	1
35.23	1
35.235	1
35.24	1
35.245	1
35.25	1
35.255	1
35.26	1
35.265	1
35.27	1
35.275	1
35.28	1
35.285	1
35.29	1
35.295	1
35.3	1
35.305	1
35.31	1
35.315	1
35.32	1
35.325	1
35.33	1
35.335	1
35.34	1
35.345	1
35.35	1
35.355	1
35.36	1
35.365	1
35.37	1
35.375	1
35.38	1
35.385	1
35.39	1
35.395	1
35.4	1
35.405	1
35.41	1
35.415	1
35.42	1
35.425	1
35.43	1
35.435	1
35.44	1
35.445	1
35.45	1
35.455	1
35.46	1
35.465	1
35.47	1
35.475	1
35.48	1
35.485	1
35.49	1
35.495	1
35.5	1
35.505	1
35.51	1
35.515	1
35.52	1
35.525	1
35.53	1
35.535	1
35.54	1
35.545	1
35.55	1
35.555	1
35.56	1
35.565	1
35.57	1
35.575	1
35.58	1
35.585	1
35.59	1
35.595	1
35.6	1
35.605	1
35.61	1
35.615	1
35.62	1
35.625	1
35.63	1
35.635	1
35.64	1
35.645	1
35.65	1
35.655	1
35.66	1
35.665	1
35.67	1
35.675	1
35.68	1
35.685	1
35.69	1
35.695	1
35.7	1
35.705	1
35.71	1
35.715	1
35.72	1
35.725	1
35.73	1
35.735	1
35.74	1
35.745	1
35.75	1
35.755	1
35.76	1
35.765	1
35.77	1
35.775	1
35.78	1
35.785	1
35.79	1
35.795	1
35.8	1
35.805	1
35.81	1
35.815	1
35.82	1
35.825	1
35.83	1
35.835	1
35.84	1
35.845	1
35.85	1
35.855	1
35.86	1
35.865	1
35.87	1
35.875	1
35.88	1
35.885	1
35.89	1
35.895	1
35.9	1
35.905	1
35.91	1
35.915	1
35.92	1
35.925	1
35.93	1
35.935	1
35.94	1
35.945	1
35.95	1
35.955	1
35.96	1
35.965	1
35.97	1
35.975	1
35.98	1
35.985	1
35.99	1
35.995	1
36	1
36.005	1
36.01	1
36.015	1
36.02	1
36.025	1
36.03	1
36.035	1
36.04	1
36.045	1
36.05	1
36.055	1
36.06	1
36.065	1
36.07	1
36.075	1
36.08	1
36.085	1
36.09	1
36.095	1
36.1	1
36.105	1
36.11	1
36.115	1
36.12	1
36.125	1
36.13	1
36.135	1
36.14	1
36.145	1
36.15	1
36.155	1
36.16	1
36.165	1
36.17	1
36.175	1
36.18	1
36.185	1
36.19	1
36.195	1
36.2	1
36.205	1
36.21	1
36.215	1
36.22	1
36.225	1
36.23	1
36.235	1
36.24	1
36.245	1
36.25	1
36.255	1
36.26	1
36.265	1
36.27	1
36.275	1
36.28	1
36.285	1
36.29	1
36.295	1
36.3	1
36.305	1
36.31	1
36.315	1
36.32	1
36.325	1
36.33	1
36.335	1
36.34	1
36.345	1
36.35	1
36.355	1
36.36	1
36.365	1
36.37	1
36.375	1
36.38	1
36.385	1
36.39	1
36.395	1
36.4	1
36.405	1
36.41	1
36.415	1
36.42	1
36.425	1
36.43	1
36.435	1
36.44	1
36.445	1
36.45	1
36.455	1
36.46	1
36.465	1
36.47	1
36.475	1
36.48	1
36.485	1
36.49	1
36.495	1
36.5	1
36.505	1
36.51	1
36.515	1
36.52	1
36.525	1
36.53	1
36.535	1
36.54	1
36.545	1
36.55	1
36.555	1
36.56	1
36.565	1
36.57	1
36.575	1
36.58	1
36.585	1
36.59	1
36.595	1
36.6	1
36.605	1
36.61	1
36.615	1
36.62	1
36.625	1
36.63	1
36.635	1
36.64	1
36.645	1
36.65	1
36.655	1
36.66	1
36.665	1
36.67	1
36.675	1
36.68	1
36.685	1
36.69	1
36.695	1
36.7	1
36.705	1
36.71	1
36.715	1
36.72	1
36.725	1
36.73	1
36.735	1
36.74	1
36.745	1
36.75	1
36.755	1
36.76	1
36.765	1
36.77	1
36.775	1
36.78	1
36.785	1
36.79	1
36.795	1
36.8	1
36.805	1
36.81	1
36.815	1
36.82	1
36.825	1
36.83	1
36.835	1
36.84	1
36.845	1
36.85	1
36.855	1
36.86	1
36.865	1
36.87	1
36.875	1
36.88	1
36.885	1
36.89	1
36.895	1
36.9	1
36.905	1
36.91	1
36.915	1
36.92	1
36.925	1
36.93	1
36.935	1
36.94	1
36.945	1
36.95	1
36.955	1
36.96	1
36.965	1
36.97	1
36.975	1
36.98	1
36.985	1
36.99	1
36.995	1
37	1
37.005	1
37.01	1
37.015	1
37.02	1
37.025	1
37.03	1
37.035	1
37.04	1
37.045	1
37.05	1
37.055	1
37.06	1
37.065	1
37.07	1
37.075	1
37.08	1
37.085	1
37.09	1
37.095	1
37.1	1
37.105	1
37.11	1
37.115	1
37.12	1
37.125	1
37.13	1
37.135	1
37.14	1
37.145	1
37.15	1
37.155	1
37.16	1
37.165	1
37.17	1
37.175	1
37.18	1
37.185	1
37.19	1
37.195	1
37.2	1
37.205	1
37.21	1
37.215	1
37.22	1
37.225	1
37.23	1
37.235	1
37.24	1
37.245	1
37.25	1
37.255	1
37.26	1
37.265	1
37.27	1
37.275	1
37.28	1
37.285	1
37.29	1
37.295	1
37.3	1
37.305	1
37.31	1
37.315	1
37.32	1
37.325	1
37.33	1
37.335	1
37.34	1
37.345	1
37.35	1
37.355	1
37.36	1
37.365	1
37.37	1
37.375	1
37.38	1
37.385	1
37.39	1
37.395	1
37.4	1
37.405	1
37.41	1
37.415	1
37.42	1
37.425	1
37.43	1
37.435	1
37.44	1
37.445	1
37.45	1
37.455	1
37.46	1
37.465	1
37.47	1
37.475	1
37.48	1
37.485	1
37.49	1
37.495	1
37.5	1
37.505	1
37.51	1
37.515	1
37.52	1
37.525	1
37.53	1
37.535	1
37.54	1
37.545	1
37.55	1
37.555	1
37.56	1
37.565	1
37.57	1
37.575	1
37.58	1
37.585	1
37.59	1
37.595	1
37.6	1
37.605	1
37.61	1
37.615	1
37.62	1
37.625	1
37.63	1
37.635	1
37.64	1
37.645	1
37.65	1
37.655	1
37.66	1
37.665	1
37.67	1
37.675	1
37.68	1
37.685	1
37.69	1
37.695	1
37.7	1
37.705	1
37.71	1
37.715	1
37.72	1
37.725	1
37.73	1
37.735	1
37.74	1
37.745	1
37.75	1
37.755	1
37.76	1
37.765	1
37.77	1
37.775	1
37.78	1
37.785	1
37.79	1
37.795	1
37.8	1
37.805	1
37.81	1
37.815	1
37.82	1
37.825	1
37.83	1
37.835	1
37.84	1
37.845	1
37.85	1
37.855	1
37.86	1
37.865	1
37.87	1
37.875	1
37.88	1
37.885	1
37.89	1
37.895	1
37.9	1
37.905	1
37.91	1
37.915	1
37.92	1
37.925	1
37.93	1
37.935	1
37.94	1
37.945	1
37.95	1
37.955	1
37.96	1
37.965	1
37.97	1
37.975	1
37.98	1
37.985	1
37.99	1
37.995	1
38	1
38.005	1
38.01	1
38.015	1
38.02	1
38.025	1
38.03	1
38.035	1
38.04	1
38.045	1
38.05	1
38.055	1
38.06	1
38.065	1
38.07	1
38.075	1
38.08	1
38.085	1
38.09	1
38.095	1
38.1	1
38.105	1
38.11	1
38.115	1
38.12	1
38.125	1
38.13	1
38.135	1
38.14	1
38.145	1
38.15	1
38.155	1
38.16	1
38.165	1
38.17	1
38.175	1
38.18	1
38.185	1
38.19	1
38.195	1
38.2	1
38.205	1
38.21	1
38.215	1
38.22	1
38.225	1
38.23	1
38.235	1
38.24	1
38.245	1
38.25	1
38.255	1
38.26	1
38.265	1
38.27	1
38.275	1
38.28	1
38.285	1
38.29	1
38.295	1
38.3	1
38.305	1
38.31	1
38.315	1
38.32	1
38.325	1
38.33	1
38.335	1
38.34	1
38.345	1
38.35	1
38.355	1
38.36	1
38.365	1
38.37	1
38.375	1
38.38	1
38.385	1
38.39	1
38.395	1
38.4	1
38.405	1
38.41	1
38.415	1
38.42	1
38.425	1
38.43	1
38.435	1
38.44	1
38.445	1
38.45	1
38.455	1
38.46	1
38.465	1
38.47	1
38.475	1
38.48	1
38.485	1
38.49	1
38.495	1
38.5	1
38.505	1
38.51	1
38.515	1
38.52	1
38.525	1
38.53	1
38.535	1
38.54	1
38.545	1
38.55	1
38.555	1
38.56	1
38.565	1
38.57	1
38.575	1
38.58	1
38.585	1
38.59	1
38.595	1
38.6	1
38.605	1
38.61	1
38.615	1
38.62	1
38.625	1
38.63	1
38.635	1
38.64	1
38.645	1
38.65	1
38.655	1
38.66	1
38.665	1
38.67	1
38.675	1
38.68	1
38.685	1
38.69	1
38.695	1
38.7	1
38.705	1
38.71	1
38.715	1
38.72	1
38.725	1
38.73	1
38.735	1
38.74	1
38.745	1
38.75	1
38.755	1
38.76	1
38.765	1
38.77	1
38.775	1
38.78	1
38.785	1
38.79	1
38.795	1
38.8	1
38.805	1
38.81	1
38.815	1
38.82	1
38.825	1
38.83	1
38.835	1
38.84	1
38.845	1
38.85	1
38.855	1
38.86	1
38.865	1
38.87	1
38.875	1
38.88	1
38.885	1
38.89	1
38.895	1
38.9	1
38.905	1
38.91	1
38.915	1
38.92	1
38.925	1
38.93	1
38.935	1
38.94	1
38.945	1
38.95	1
38.955	1
38.96	1
38.965	1
38.97	1
38.975	1
38.98	1
38.985	1
38.99	1
38.995	1
39	1
39.005	1
39.01	1
39.015	1
39.02	1
39.025	1
39.03	1
39.035	1
39.04	1
39.045	1
39.05	1
39.055	1
39.06	1
39.065	1
39.07	1
39.075	1
39.08	1
39.085	1
39.09	1
39.095	1
39.1	1
39.105	1
39.11	1
39.115	1
39.12	1
39.125	1
39.13	1
39.135	1
39.14	1
39.145	1
39.15	1
39.155	1
39.16	1
39.165	1
39.17	1
39.175	1
39.18	1
39.185	1
39.19	1
39.195	1
39.2	1
39.205	1
39.21	1
39.215	1
39.22	1
39.225	1
39.23	1
39.235	1
39.24	1
39.245	1
39.25	1
39.255	1
39.26	1
39.265	1
39.27	1
39.275	1
39.28	1
39.285	1
39.29	1
39.295	1
39.3	1
39.305	1
39.31	1
39.315	1
39.32	1
39.325	1
39.33	1
39.335	1
39.34	1
39.345	1
39.35	1
39.355	1
39.36	1
39.365	1
39.37	1
39.375	1
39.38	1
39.385	1
39.39	1
39.395	1
39.4	1
39.405	1
39.41	1
39.415	1
39.42	1
39.425	1
39.43	1
39.435	1
39.44	1
39.445	1
39.45	1
39.455	1
39.46	1
39.465	1
39.47	1
39.475	1
39.48	1
39.485	1
39.49	1
39.495	1
39.5	1
39.505	1
39.51	1
39.515	1
39.52	1
39.525	1
39.53	1
39.535	1
39.54	1
39.545	1
39.55	1
39.555	1
39.56	1
39.565	1
39.57	1
39.575	1
39.58	1
39.585	1
39.59	1
39.595	1
39.6	1
39.605	1
39.61	1
39.615	1
39.62	1
39.625	1
39.63	1
39.635	1
39.64	1
39.645	1
39.65	1
39.655	1
39.66	1
39.665	1
39.67	1
39.675	1
39.68	1
39.685	1
39.69	1
39.695	1
39.7	1
39.705	1
39.71	1
39.715	1
39.72	1
39.725	1
39.73	1
39.735	1
39.74	1
39.745	1
39.75	1
39.755	1
39.76	1
39.765	1
39.77	1
39.775	1
39.78	1
39.785	1
39.79	1
39.795	1
39.8	1
39.805	1
39.81	1
39.815	1
39.82	1
39.825	1
39.83	1
39.835	1
39.84	1
39.845	1
39.85	1
39.855	1
39.86	1
39.865	1
39.87	1
39.875	1
39.88	1
39.885	1
39.89	1
39.895	1
39.9	1
39.905	1
39.91	1
39.915	1
39.92	1
39.925	1
39.93	1
39.935	1
39.94	1
39.945	1
39.95	1
39.955	1
39.96	1
39.965	1
39.97	1
39.975	1
39.98	1
39.985	1
39.99	1
39.995	1
40	1
40.005	1
40.01	1
40.015	1
40.02	1
40.025	1
40.03	1
40.035	1
40.04	1
40.045	1
40.05	1
40.055	1
40.06	1
40.065	1
40.07	1
40.075	1
40.08	1
40.085	1
40.09	1
40.095	1
40.1	1
40.105	1
40.11	1
40.115	1
40.12	1
40.125	1
40.13	1
40.135	1
40.14	1
40.145	1
40.15	1
40.155	1
40.16	1
40.165	1
40.17	1
40.175	1
40.18	1
40.185	1
40.19	1
40.195	1
40.2	1
40.205	1
40.21	1
40.215	1
40.22	1
40.225	1
40.23	1
40.235	1
40.24	1
40.245	1
40.25	1
40.255	1
40.26	1
40.265	1
40.27	1
40.275	1
40.28	1
40.285	1
40.29	1
40.295	1
40.3	1
40.305	1
40.31	1
40.315	1
40.32	1
40.325	1
40.33	1
40.335	1
40.34	1
40.345	1
40.35	1
40.355	1
40.36	1
40.365	1
40.37	1
40.375	1
40.38	1
40.385	1
40.39	1
40.395	1
40.4	1
40.405	1
40.41	1
40.415	1
40.42	1
40.425	1
40.43	1
40.435	1
40.44	1
40.445	1
40.45	1
40.455	1
40.46	1
40.465	1
40.47	1
40.475	1
40.48	1
40.485	1
40.49	1
40.495	1
40.5	1
40.505	1
40.51	1
40.515	1
40.52	1
40.525	1
40.53	1
40.535	1
40.54	1
40.545	1
40.55	1
40.555	1
40.56	1
40.565	1
40.57	1
40.575	1
40.58	1
40.585	1
40.59	1
40.595	1
40.6	1
40.605	1
40.61	1
40.615	1
40.62	1
40.625	1
40.63	1
40.635	1
40.64	1
40.645	1
40.65	1
40.655	1
40.66	1
40.665	1
40.67	1
40.675	1
40.68	1
40.685	1
40.69	1
40.695	1
40.7	1
40.705	1
40.71	1
40.715	1
40.72	1
40.725	1
40.73	1
40.735	1
40.74	1
40.745	1
40.75	1
40.755	1
40.76	1
40.765	1
40.77	1
40.775	1
40.78	1
40.785	1
40.79	1
40.795	1
40.8	1
40.805	1
40.81	1
40.815	1
40.82	1
40.825	1
40.83	1
40.835	1
40.84	1
40.845	1
40.85	1
40.855	1
40.86	1
40.865	1
40.87	1
40.875	1
40.88	1
40.885	1
40.89	1
40.895	1
40.9	1
40.905	1
40.91	1
40.915	1
40.92	1
40.925	1
40.93	1
40.935	1
40.94	1
40.945	1
40.95	1
40.955	1
40.96	1
40.965	1
40.97	1
40.975	1
40.98	1
40.985	1
40.99	1
40.995	1
41	1
41.005	1
41.01	1
41.015	1
41.02	1
41.025	1
41.03	1
41.035	1
41.04	1
41.045	1
41.05	1
41.055	1
41.06	1
41.065	1
41.07	1
41.075	1
41.08	1
41.085	1
41.09	1
41.095	1
41.1	1
41.105	1
41.11	1
41.115	1
41.12	1
41.125	1
41.13	1
41.135	1
41.14	1
41.145	1
41.15	1
41.155	1
41.16	1
41.165	1
41.17	1
41.175	1
41.18	1
41.185	1
41.19	1
41.195	1
41.2	1
41.205	1
41.21	1
41.215	1
41.22	1
41.225	1
41.23	1
41.235	1
41.24	1
41.245	1
41.25	1
41.255	1
41.26	1
41.265	1
41.27	1
41.275	1
41.28	1
41.285	1
41.29	1
41.295	1
41.3	1
41.305	1
41.31	1
41.315	1
41.32	1
41.325	1
41.33	1
41.335	1
41.34	1
41.345	1
41.35	1
41.355	1
41.36	1
41.365	1
41.37	1
41.375	1
41.38	1
41.385	1
41.39	1
41.395	1
41.4	1
41.405	1
41.41	1
41.415	1
41.42	1
41.425	1
41.43	1
41.435	1
41.44	1
41.445	1
41.45	1
41.455	1
41.46	1
41.465	1
41.47	1
41.475	1
41.48	1
41.485	1
41.49	1
41.495	1
41.5	1
41.505	1
41.51	1
41.515	1
41.52	1
41.525	1
41.53	1
41.535	1
41.54	1
41.545	1
41.55	1
41.555	1
41.56	1
41.565	1
41.57	1
41.575	1
41.58	1
41.585	1
41.59	1
41.595	1
41.6	1
41.605	1
41.61	1
41.615	1
41.62	1
41.625	1
41.63	1
41.635	1
41.64	1
41.645	1
41.65	1
41.655	1
41.66	1
41.665	1
41.67	1
41.675	1
41.68	1
41.685	1
41.69	1
41.695	1
41.7	1
41.705	1
41.71	1
41.715	1
41.72	1
41.725	1
41.73	1
41.735	1
41.74	1
41.745	1
41.75	1
41.755	1
41.76	1
41.765	1
41.77	1
41.775	1
41.78	1
41.785	1
41.79	1
41.795	1
41.8	1
41.805	1
41.81	1
41.815	1
41.82	1
41.825	1
41.83	1
41.835	1
41.84	1
41.845	1
41.85	1
41.855	1
41.86	1
41.865	1
41.87	1
41.875	1
41.88	1
41.885	1
41.89	1
41.895	1
41.9	1
41.905	1
41.91	1
41.915	1
41.92	1
41.925	1
41.93	1
41.935	1
41.94	1
41.945	1
41.95	1
41.955	1
41.96	1
41.965	1
41.97	1
41.975	1
41.98	1
41.985	1
41.99	1
41.995	1
42	1
42.005	1
42.01	1
42.015	1
42.02	1
42.025	1
42.03	1
42.035	1
42.04	1
42.045	1
42.05	1
42.055	1
42.06	1
42.065	1
42.07	1
42.075	1
42.08	1
42.085	1
42.09	1
42.095	1
42.1	1
42.105	1
42.11	1
42.115	1
42.12	1
42.125	1
42.13	1
42.135	1
42.14	1
42.145	1
42.15	1
42.155	1
42.16	1
42.165	1
42.17	1
42.175	1
42.18	1
42.185	1
42.19	1
42.195	1
42.2	1
42.205	1
42.21	1
42.215	1
42.22	1
42.225	1
42.23	1
42.235	1
42.24	1
42.245	1
42.25	1
42.255	1
42.26	1
42.265	1
42.27	1
42.275	1
42.28	1
42.285	1
42.29	1
42.295	1
42.3	1
42.305	1
42.31	1
42.315	1
42.32	1
42.325	1
42.33	1
42.335	1
42.34	1
42.345	1
42.35	1
42.355	1
42.36	1
42.365	1
42.37	1
42.375	1
42.38	1
42.385	1
42.39	1
42.395	1
42.4	1
42.405	1
42.41	1
42.415	1
42.42	1
42.425	1
42.43	1
42.435	1
42.44	1
42.445	1
42.45	1
42.455	1
42.46	1
42.465	1
42.47	1
42.475	1
42.48	1
42.485	1
42.49	1
42.495	1
42.5	1
42.505	1
42.51	1
42.515	1
42.52	1
42.525	1
42.53	1
42.535	1
42.54	1
42.545	1
42.55	1
42.555	1
42.56	1
42.565	1
42.57	1
42.575	1
42.58	1
42.585	1
42.59	1
42.595	1
42.6	1
42.605	1
42.61	1
42.615	1
42.62	1
42.625	1
42.63	1
42.635	1
42.64	1
42.645	1
42.65	1
42.655	1
42.66	1
42.665	1
42.67	1
42.675	1
42.68	1
42.685	1
42.69	1
42.695	1
42.7	1
42.705	1
42.71	1
42.715	1
42.72	1
42.725	1
42.73	1
42.735	1
42.74	1
42.745	1
42.75	1
42.755	1
42.76	1
42.765	1
42.77	1
42.775	1
42.78	1
42.785	1
42.79	1
42.795	1
42.8	1
42.805	1
42.81	1
42.815	1
42.82	1
42.825	1
42.83	1
42.835	1
42.84	1
42.845	1
42.85	1
42.855	1
42.86	1
42.865	1
42.87	1
42.875	1
42.88	1
42.885	1
42.89	1
42.895	1
42.9	1
42.905	1
42.91	1
42.915	1
42.92	1
42.925	1
42.93	1
42.935	1
42.94	1
42.945	1
42.95	1
42.955	1
42.96	1
42.965	1
42.97	1
42.975	1
42.98	1
42.985	1
42.99	1
42.995	1
43	1
43.005	1
43.01	1
43.015	1
43.02	1
43.025	1
43.03	1
43.035	1
43.04	1
43.045	1
43.05	1
43.055	1
43.06	1
43.065	1
43.07	1
43.075	1
43.08	1
43.085	1
43.09	1
43.095	1
43.1	1
43.105	1
43.11	1
43.115	1
43.12	1
43.125	1
43.13	1
43.135	1
43.14	1
43.145	1
43.15	1
43.155	1
43.16	1
43.165	1
43.17	1
43.175	1
43.18	1
43.185	1
43.19	1
43.195	1
43.2	1
43.205	1
43.21	1
43.215	1
43.22	1
43.225	1
43.23	1
43.235	1
43.24	1
43.245	1
43.25	1
43.255	1
43.26	1
43.265	1
43.27	1
43.275	1
43.28	1
43.285	1
43.29	1
43.295	1
43.3	1
43.305	1
43.31	1
43.315	1
43.32	1
43.325	1
43.33	1
43.335	1
43.34	1
43.345	1
43.35	1
43.355	1
43.36	1
43.365	1
43.37	1
43.375	1
43.38	1
43.385	1
43.39	1
43.395	1
43.4	1
43.405	1
43.41	1
43.415	1
43.42	1
43.425	1
43.43	1
43.435	1
43.44	1
43.445	1
43.45	1
43.455	1
43.46	1
43.465	1
43.47	1
43.475	1
43.48	1
43.485	1
43.49	1
43.495	1
43.5	1
43.505	1
43.51	1
43.515	1
43.52	1
43.525	1
43.53	1
43.535	1
43.54	1
43.545	1
43.55	1
43.555	1
43.56	1
43.565	1
43.57	1
43.575	1
43.58	1
43.585	1
43.59	1
43.595	1
43.6	1
43.605	1
43.61	1
43.615	1
43.62	1
43.625	1
43.63	1
43.635	1
43.64	1
43.645	1
43.65	1
43.655	1
43.66	1
43.665	1
43.67	1
43.675	1
43.68	1
43.685	1
43.69	1
43.695	1
43.7	1
43.705	1
43.71	1
43.715	1
43.72	1
43.725	1
43.73	1
43.735	1
43.74	1
43.745	1
43.75	1
43.755	1
43.76	1
43.765	1
43.77	1
43.775	1
43.78	1
43.785	1
43.79	1
43.795	1
43.8	1
43.805	1
43.81	1
43.815	1
43.82	1
43.825	1
43.83	1
43.835	1
43.84	1
43.845	1
43.85	1
43.855	1
43.86	1
43.865	1
43.87	1
43.875	1
43.88	1
43.885	1
43.89	1
43.895	1
43.9	1
43.905	1
43.91	1
43.915	1
43.92	1
43.925	1
43.93	1
43.935	1
43.94	1
43.945	1
43.95	1
43.955	1
43.96	1
43.965	1
43.97	1
43.975	1
43.98	1
43.985	1
43.99	1
43.995	1
44	1
44.005	1
44.01	1
44.015	1
44.02	1
44.025	1
44.03	1
44.035	1
44.04	1
44.045	1
44.05	1
44.055	1
44.06	1
44.065	1
44.07	1
44.075	1
44.08	1
44.085	1
44.09	1
44.095	1
44.1	1
44.105	1
44.11	1
44.115	1
44.12	1
44.125	1
44.13	1
44.135	1
44.14	1
44.145	1
44.15	1
44.155	1
44.16	1
44.165	1
44.17	1
44.175	1
44.18	1
44.185	1
44.19	1
44.195	1
44.2	1
44.205	1
44.21	1
44.215	1
44.22	1
44.225	1
44.23	1
44.235	1
44.24	1
44.245	1
44.25	1
44.255	1
44.26	1
44.265	1
44.27	1
44.275	1
44.28	1
44.285	1
44.29	1
44.295	1
44.3	1
44.305	1
44.31	1
44.315	1
44.32	1
44.325	1
44.33	1
44.335	1
44.34	1
44.345	1
44.35	1
44.355	1
44.36	1
44.365	1
44.37	1
44.375	1
44.38	1
44.385	1
44.39	1
44.395	1
44.4	1
44.405	1
44.41	1
44.415	1
44.42	1
44.425	1
44.43	1
44.435	1
44.44	1
44.445	1
44.45	1
44.455	1
44.46	1
44.465	1
44.47	1
44.475	1
44.48	1
44.485	1
44.49	1
44.495	1
44.5	1
44.505	1
44.51	1
44.515	1
44.52	1
44.525	1
44.53	1
44.535	1
44.54	1
44.545	1
44.55	1
44.555	1
44.56	1
44.565	1
44.57	1
44.575	1
44.58	1
44.585	1
44.59	1
44.595	1
44.6	1
44.605	1
44.61	1
44.615	1
44.62	1
44.625	1
44.63	1
44.635	1
44.64	1
44.645	1
44.65	1
44.655	1
44.66	1
44.665	1
44.67	1
44.675	1
44.68	1
44.685	1
44.69	1
44.695	1
44.7	1
44.705	1
44.71	1
44.715	1
44.72	1
44.725	1
44.73	1
44.735	1
44.74	1
44.745	1
44.75	1
44.755	1
44.76	1
44.765	1
44.77	1
44.775	1
44.78	1
44.785	1
44.79	1
44.795	1
44.8	1
44.805	1
44.81	1
44.815	1
44.82	1
44.825	1
44.83	1
44.835	1
44.84	1
44.845	1
44.85	1
44.855	1
44.86	1
44.865	1
44.87	1
44.875	1
44.88	1
44.885	1
44.89	1
44.895	1
44.9	1
44.905	1
44.91	1
44.915	1
44.92	1
44.925	1
44.93	1
44.935	1
44.94	1
44.945	1
44.95	1
44.955	1
44.96	1
44.965	1
44.97	1
44.975	1
44.98	1
44.985	1
44.99	1
44.995	1
45	1
45.005	1
45.01	1
45.015	1
45.02	1
45.025	1
45.03	1
45.035	1
45.04	1
45.045	1
45.05	1
45.055	1
45.06	1
45.065	1
45.07	1
45.075	1
45.08	1
45.085	1
45.09	1
45.095	1
45.1	1
45.105	1
45.11	1
45.115	1
45.12	1
45.125	1
45.13	1
45.135	1
45.14	1
45.145	1
45.15	1
45.155	1
45.16	1
45.165	1
45.17	1
45.175	1
45.18	1
45.185	1
45.19	1
45.195	1
45.2	1
45.205	1
45.21	1
45.215	1
45.22	1
45.225	1
45.23	1
45.235	1
45.24	1
45.245	1
45.25	1
45.255	1
45.26	1
45.265	1
45.27	1
45.275	1
45.28	1
45.285	1
45.29	1
45.295	1
45.3	1
45.305	1
45.31	1
45.315	1
45.32	1
45.325	1
45.33	1
45.335	1
45.34	1
45.345	1
45.35	1
45.355	1
45.36	1
45.365	1
45.37	1
45.375	1
45.38	1
45.385	1
45.39	1
45.395	1
45.4	1
45.405	1
45.41	1
45.415	1
45.42	1
45.425	1
45.43	1
45.435	1
45.44	1
45.445	1
45.45	1
45.455	1
45.46	1
45.465	1
45.47	1
45.475	1
45.48	1
45.485	1
45.49	1
45.495	1
45.5	1
45.505	1
45.51	1
45.515	1
45.52	1
45.525	1
45.53	1
45.535	1
45.54	1
45.545	1
45.55	1
45.555	1
45.56	1
45.565	1
45.57	1
45.575	1
45.58	1
45.585	1
45.59	1
45.595	1
45.6	1
45.605	1
45.61	1
45.615	1
45.62	1
45.625	1
45.63	1
45.635	1
45.64	1
45.645	1
45.65	1
45.655	1
45.66	1
45.665	1
45.67	1
45.675	1
45.68	1
45.685	1
45.69	1
45.695	1
45.7	1
45.705	1
45.71	1
45.715	1
45.72	1
45.725	1
45.73	1
45.735	1
45.74	1
45.745	1
45.75	1
45.755	1
45.76	1
45.765	1
45.77	1
45.775	1
45.78	1
45.785	1
45.79	1
45.795	1
45.8	1
45.805	1
45.81	1
45.815	1
45.82	1
45.825	1
45.83	1
45.835	1
45.84	1
45.845	1
45.85	1
45.855	1
45.86	1
45.865	1
45.87	1
45.875	1
45.88	1
45.885	1
45.89	1
45.895	1
45.9	1
45.905	1
45.91	1
45.915	1
45.92	1
45.925	1
45.93	1
45.935	1
45.94	1
45.945	1
45.95	1
45.955	1
45.96	1
45.965	1
45.97	1
45.975	1
45.98	1
45.985	1
45.99	1
45.995	1
46	1
46.005	1
46.01	1
46.015	1
46.02	1
46.025	1
46.03	1
46.035	1
46.04	1
46.045	1
46.05	1
46.055	1
46.06	1
46.065	1
46.07	1
46.075	1
46.08	1
46.085	1
46.09	1
46.095	1
46.1	1
46.105	1
46.11	1
46.115	1
46.12	1
46.125	1
46.13	1
46.135	1
46.14	1
46.145	1
46.15	1
46.155	1
46.16	1
46.165	1
46.17	1
46.175	1
46.18	1
46.185	1
46.19	1
46.195	1
46.2	1
46.205	1
46.21	1
46.215	1
46.22	1
46.225	1
46.23	1
46.235	1
46.24	1
46.245	1
46.25	1
46.255	1
46.26	1
46.265	1
46.27	1
46.275	1
46.28	1
46.285	1
46.29	1
46.295	1
46.3	1
46.305	1
46.31	1
46.315	1
46.32	1
46.325	1
46.33	1
46.335	1
46.34	1
46.345	1
46.35	1
46.355	1
46.36	1
46.365	1
46.37	1
46.375	1
46.38	1
46.385	1
46.39	1
46.395	1
46.4	1
46.405	1
46.41	1
46.415	1
46.42	1
46.425	1
46.43	1
46.435	1
46.44	1
46.445	1
46.45	1
46.455	1
46.46	1
46.465	1
46.47	1
46.475	1
46.48	1
46.485	1
46.49	1
46.495	1
46.5	1
46.505	1
46.51	1
46.515	1
46.52	1
46.525	1
46.53	1
46.535	1
46.54	1
46.545	1
46.55	1
46.555	1
46.56	1
46.565	1
46.57	1
46.575	1
46.58	1
46.585	1
46.59	1
46.595	1
46.6	1
46.605	1
46.61	1
46.615	1
46.62	1
46.625	1
46.63	1
46.635	1
46.64	1
46.645	1
46.65	1
46.655	1
46.66	1
46.665	1
46.67	1
46.675	1
46.68	1
46.685	1
46.69	1
46.695	1
46.7	1
46.705	1
46.71	1
46.715	1
46.72	1
46.725	1
46.73	1
46.735	1
46.74	1
46.745	1
46.75	1
46.755	1
46.76	1
46.765	1
46.77	1
46.775	1
46.78	1
46.785	1
46.79	1
46.795	1
46.8	1
46.805	1
46.81	1
46.815	1
46.82	1
46.825	1
46.83	1
46.835	1
46.84	1
46.845	1
46.85	1
46.855	1
46.86	1
46.865	1
46.87	1
46.875	1
46.88	1
46.885	1
46.89	1
46.895	1
46.9	1
46.905	1
46.91	1
46.915	1
46.92	1
46.925	1
46.93	1
46.935	1
46.94	1
46.945	1
46.95	1
46.955	1
46.96	1
46.965	1
46.97	1
46.975	1
46.98	1
46.985	1
46.99	1
46.995	1
47	1
47.005	1
47.01	1
47.015	1
47.02	1
47.025	1
47.03	1
47.035	1
47.04	1
47.045	1
47.05	1
47.055	1
47.06	1
47.065	1
47.07	1
47.075	1
47.08	1
47.085	1
47.09	1
47.095	1
47.1	1
47.105	1
47.11	1
47.115	1
47.12	1
47.125	1
47.13	1
47.135	1
47.14	1
47.145	1
47.15	1
47.155	1
47.16	1
47.165	1
47.17	1
47.175	1
47.18	1
47.185	1
47.19	1
47.195	1
47.2	1
47.205	1
47.21	1
47.215	1
47.22	1
47.225	1
47.23	1
47.235	1
47.24	1
47.245	1
47.25	1
47.255	1
47.26	1
47.265	1
47.27	1
47.275	1
47.28	1
47.285	1
47.29	1
47.295	1
47.3	1
47.305	1
47.31	1
47.315	1
47.32	1
47.325	1
47.33	1
47.335	1
47.34	1
47.345	1
47.35	1
47.355	1
47.36	1
47.365	1
47.37	1
47.375	1
47.38	1
47.385	1
47.39	1
47.395	1
47.4	1
47.405	1
47.41	1
47.415	1
47.42	1
47.425	1
47.43	1
47.435	1
47.44	1
47.445	1
47.45	1
47.455	1
47.46	1
47.465	1
47.47	1
47.475	1
47.48	1
47.485	1
47.49	1
47.495	1
47.5	1
47.505	1
47.51	1
47.515	1
47.52	1
47.525	1
47.53	1
47.535	1
47.54	1
47.545	1
47.55	1
47.555	1
47.56	1
47.565	1
47.57	1
47.575	1
47.58	1
47.585	1
47.59	1
47.595	1
47.6	1
47.605	1
47.61	1
47.615	1
47.62	1
47.625	1
47.63	1
47.635	1
47.64	1
47.645	1
47.65	1
47.655	1
47.66	1
47.665	1
47.67	1
47.675	1
47.68	1
47.685	1
47.69	1
47.695	1
47.7	1
47.705	1
47.71	1
47.715	1
47.72	1
47.725	1
47.73	1
47.735	1
47.74	1
47.745	1
47.75	1
47.755	1
47.76	1
47.765	1
47.77	1
47.775	1
47.78	1
47.785	1
47.79	1
47.795	1
47.8	1
47.805	1
47.81	1
47.815	1
47.82	1
47.825	1
47.83	1
47.835	1
47.84	1
47.845	1
47.85	1
47.855	1
47.86	1
47.865	1
47.87	1
47.875	1
47.88	1
47.885	1
47.89	1
47.895	1
47.9	1
47.905	1
47.91	1
47.915	1
47.92	1
47.925	1
47.93	1
47.935	1
47.94	1
47.945	1
47.95	1
47.955	1
47.96	1
47.965	1
47.97	1
47.975	1
47.98	1
47.985	1
47.99	1
47.995	1
48	1
48.005	1
48.01	1
48.015	1
48.02	1
48.025	1
48.03	1
48.035	1
48.04	1
48.045	1
48.05	1
48.055	1
48.06	1
48.065	1
48.07	1
48.075	1
48.08	1
48.085	1
48.09	1
48.095	1
48.1	1
48.105	1
48.11	1
48.115	1
48.12	1
48.125	1
48.13	1
48.135	1
48.14	1
48.145	1
48.15	1
48.155	1
48.16	1
48.165	1
48.17	1
48.175	1
48.18	1
48.185	1
48.19	1
48.195	1
48.2	1
48.205	1
48.21	1
48.215	1
48.22	1
48.225	1
48.23	1
48.235	1
48.24	1
48.245	1
48.25	1
48.255	1
48.26	1
48.265	1
48.27	1
48.275	1
48.28	1
48.285	1
48.29	1
48.295	1
48.3	1
48.305	1
48.31	1
48.315	1
48.32	1
48.325	1
48.33	1
48.335	1
48.34	1
48.345	1
48.35	1
48.355	1
48.36	1
48.365	1
48.37	1
48.375	1
48.38	1
48.385	1
48.39	1
48.395	1
48.4	1
48.405	1
48.41	1
48.415	1
48.42	1
48.425	1
48.43	1
48.435	1
48.44	1
48.445	1
48.45	1
48.455	1
48.46	1
48.465	1
48.47	1
48.475	1
48.48	1
48.485	1
48.49	1
48.495	1
48.5	1
48.505	1
48.51	1
48.515	1
48.52	1
48.525	1
48.53	1
48.535	1
48.54	1
48.545	1
48.55	1
48.555	1
48.56	1
48.565	1
48.57	1
48.575	1
48.58	1
48.585	1
48.59	1
48.595	1
48.6	1
48.605	1
48.61	1
48.615	1
48.62	1
48.625	1
48.63	1
48.635	1
48.64	1
48.645	1
48.65	1
48.655	1
48.66	1
48.665	1
48.67	1
48.675	1
48.68	1
48.685	1
48.69	1
48.695	1
48.7	1
48.705	1
48.71	1
48.715	1
48.72	1
48.725	1
48.73	1
48.735	1
48.74	1
48.745	1
48.75	1
48.755	1
48.76	1
48.765	1
48.77	1
48.775	1
48.78	1
48.785	1
48.79	1
48.795	1
48.8	1
48.805	1
48.81	1
48.815	1
48.82	1
48.825	1
48.83	1
48.835	1
48.84	1
48.845	1
48.85	1
48.855	1
48.86	1
48.865	1
48.87	1
48.875	1
48.88	1
48.885	1
48.89	1
48.895	1
48.9	1
48.905	1
48.91	1
48.915	1
48.92	1
48.925	1
48.93	1
48.935	1
48.94	1
48.945	1
48.95	1
48.955	1
48.96	1
48.965	1
48.97	1
48.975	1
48.98	1
48.985	1
48.99	1
48.995	1
49	1
49.005	1
49.01	1
49.015	1
49.02	1
49.025	1
49.03	1
49.035	1
49.04	1
49.045	1
49.05	1
49.055	1
49.06	1
49.065	1
49.07	1
49.075	1
49.08	1
49.085	1
49.09	1
49.095	1
49.1	1
49.105	1
49.11	1
49.115	1
49.12	1
49.125	1
49.13	1
49.135	1
49.14	1
49.145	1
49.15	1
49.155	1
49.16	1
49.165	1
49.17	1
49.175	1
49.18	1
49.185	1
49.19	1
49.195	1
49.2	1
49.205	1
49.21	1
49.215	1
49.22	1
49.225	1
49.23	1
49.235	1
49.24	1
49.245	1
49.25	1
49.255	1
49.26	1
49.265	1
49.27	1
49.275	1
49.28	1
49.285	1
49.29	1
49.295	1
49.3	1
49.305	1
49.31	1
49.315	1
49.32	1
49.325	1
49.33	1
49.335	1
49.34	1
49.345	1
49.35	1
49.355	1
49.36	1
49.365	1
49.37	1
49.375	1
49.38	1
49.385	1
49.39	1
49.395	1
49.4	1
49.405	1
49.41	1
49.415	1
49.42	1
49.425	1
49.43	1
49.435	1
49.44	1
49.445	1
49.45	1
49.455	1
49.46	1
49.465	1
49.47	1
49.475	1
49.48	1
49.485	1
49.49	1
49.495	1
49.5	1
49.505	1
49.51	1
49.515	1
49.52	1
49.525	1
49.53	1
49.535	1
49.54	1
49.545	1
49.55	1
49.555	1
49.56	1
49.565	1
49.57	1
49.575	1
49.58	1
49.585	1
49.59	1
49.595	1
49.6	1
49.605	1
49.61	1
49.615	1
49.62	1
49.625	1
49.63	1
49.635	1
49.64	1
49.645	1
49.65	1
49.655	1
49.66	1
49.665	1
49.67	1
49.675	1
49.68	1
49.685	1
49.69	1
49.695	1
49.7	1
49.705	1
49.71	1
49.715	1
49.72	1
49.725	1
49.73	1
49.735	1
49.74	1
49.745	1
49.75	1
49.755	1
49.76	1
49.765	1
49.77	1
49.775	1
49.78	1
49.785	1
49.79	1
49.795	1
49.8	1
49.805	1
49.81	1
49.815	1
49.82	1
49.825	1
49.83	1
49.835	1
49.84	1
49.845	1
49.85	1
49.855	1
49.86	1
49.865	1
49.87	1
49.875	1
49.88	1
49.885	1
49.89	1
49.895	1
49.9	1
49.905	1
49.91	1
49.915	1
49.92	1
49.925	1
49.93	1
49.935	1
49.94	1
49.945	1
49.95	1
49.955	1
49.96	1
49.965	1
49.97	1
49.975	1
49.98	1
49.985	1
49.99	1
49.995	1
