0	0	5.9535e-05	-0.000118435
0	1	0	-0.000126824
0	2	4.20062e-06	-8.38924e-06
0.1	0	5.74777e-05	-0.000116075
0.1	1	1.52307e-13	-0.000124028
0.1	2	4.20062e-06	-7.95346e-06
0.2	0	5.25573e-05	-0.000110605
0.2	1	5.34921e-13	-0.000117571
0.2	2	4.20062e-06	-6.9661e-06
0.3	0	4.72475e-05	-0.000104897
0.3	1	9.63812e-13	-0.00011081
0.3	2	4.20062e-06	-5.91257e-06
0.4	0	4.3318e-05	-0.000100761
0.4	1	1.33189e-12	-0.000105774
0.4	2	4.20062e-06	-5.01238e-06
0.5	0	4.14998e-05	-9.88671e-05
0.5	1	1.62074e-12	-0.000103163
0.5	2	4.20062e-06	-4.2954e-06
0.6	0	4.19836e-05	-9.93702e-05
0.6	1	1.84316e-12	-0.000103102
0.6	2	4.20062e-06	-3.7321e-06
0.7	0	4.47271e-05	-0.000102237
0.7	1	2.01568e-12	-0.000105524
0.7	2	4.20062e-06	-3.28639e-06
0.8	0	4.93724e-05	-0.000107162
0.8	1	2.15166e-12	-0.000110091
0.8	2	4.20062e-06	-2.92874e-06
0.9	0	5.48022e-05	-0.000113074
0.9	1	2.26075e-12	-0.000115712
0.9	2	4.20062e-06	-2.63727e-06
1	0	5.88107e-05	-0.000117598
1	1	2.34979e-12	-0.000119994
1	2	4.20062e-06	-2.39615e-06
1.1	0	5.91583e-05	-0.000117999
1.1	1	2.42361e-12	-0.000120193
1.1	2	4.20062e-06	-2.1939e-06
1.2	0	5.56291e-05	-0.000113995
1.2	1	2.48567e-12	-0.000116017
1.2	2	4.20062e-06	-2.02215e-06
1.3	0	5.02568e-05	-0.000108112
1.3	1	2.5385e-12	-0.000109987
1.3	2	4.20062e-06	-1.87468e-06
1.4	0	4.53773e-05	-0.000102921
1.4	1	2.58396e-12	-0.000104668
1.4	2	4.20062e-06	-1.74679e-06
1.5	0	4.22835e-05	-9.96823e-05
1.5	1	2.62345e-12	-0.000101317
1.5	2	4.20062e-06	-1.63491e-06
1.6	0	4.14201e-05	-9.87843e-05
1.6	1	2.65807e-12	-0.000100321
1.6	2	4.20062e-06	-1.53627e-06
1.7	0	4.28651e-05	-0.000100289
1.7	1	2.68865e-12	-0.000101737
1.7	2	4.20062e-06	-1.44867e-06
1.8	0	4.64771e-05	-0.000104081
1.8	1	2.71584e-12	-0.000105452
1.8	2	4.20062e-06	-1.3704e-06
1.9	0	5.16495e-05	-0.000109617
1.9	1	2.74018e-12	-0.000110917
1.9	2	4.20062e-06	-1.30005e-06
2	0	5.6802e-05	-0.00011531
2	1	2.76207e-12	-0.000116547
2	2	4.20062e-06	-1.2365e-06
2.1	0	5.94762e-05	-0.000118367
2.1	1	2.78188e-12	-0.000119546
2.1	2	4.20062e-06	-1.17881e-06
2.2	0	5.80733e-05	-0.000116753
2.2	1	2.79988e-12	-0.000117879
2.2	2	4.20062e-06	-1.12622e-06
2.3	0	5.3457e-05	-0.00011159
2.3	1	2.81631e-12	-0.000112668
2.3	2	4.20062e-06	-1.07808e-06
2.4	0	4.80579e-05	-0.000105758
2.4	1	2.83136e-12	-0.000106792
2.4	2	4.20062e-06	-1.03385e-06
2.5	0	4.38291e-05	-0.000101296
2.5	1	2.84519e-12	-0.000102289
2.5	2	4.20062e-06	-9.93091e-07
2.6	0	4.16421e-05	-9.9015e-05
2.6	1	2.85796e-12	-9.99704e-05
2.6	2	4.20062e-06	-9.55401e-07
2.7	0	4.17453e-05	-9.91223e-05
2.7	1	2.86977e-12	-0.000100043
2.7	2	4.20062e-06	-9.20449e-07
2.8	0	4.41298e-05	-0.000101611
2.8	1	2.88073e-12	-0.000102499
2.8	2	4.20062e-06	-8.87951e-07
2.9	0	4.85118e-05	-0.000106242
2.9	1	2.89093e-12	-0.0001071
2.9	2	4.20062e-06	-8.57658e-07
3	0	5.39373e-05	-0.000112118
3	1	2.90044e-12	-0.000112948
3	2	4.20062e-06	-8.29353e-07
3.1	0	5.83589e-05	-0.00011708
3.1	1	2.90933e-12	-0.000117882
3.1	2	4.20062e-06	-8.02849e-07
3.2	0	5.93955e-05	-0.000118274
3.2	1	2.91766e-12	-0.000119051
3.2	2	4.20062e-06	-7.77979e-07
3.3	0	5.64061e-05	-0.000114865
3.3	1	2.92548e-12	-0.000115619
3.3	2	4.20062e-06	-7.54598e-07
3.4	0	5.11576e-05	-0.000109084
3.4	1	2.93284e-12	-0.000109817
3.4	2	4.20062e-06	-7.32576e-07
3.5	0	4.60777e-05	-0.000103659
3.5	1	2.93977e-12	-0.000104371
3.5	2	4.20062e-06	-7.11798e-07
3.6	0	4.26443e-05	-0.000100058
3.6	1	2.94631e-12	-0.00010075
3.6	2	4.20062e-06	-6.92162e-07
3.7	0	4.14031e-05	-9.87666e-05
3.7	1	2.9525e-12	-9.94402e-05
3.7	2	4.20062e-06	-6.73577e-07
3.8	0	4.24716e-05	-9.98782e-05
3.8	1	2.95836e-12	-0.000100534
3.8	2	4.20062e-06	-6.55961e-07
3.9	0	4.57509e-05	-0.000103315
3.9	1	2.96391e-12	-0.000103954
3.9	2	4.20062e-06	-6.39241e-07
4	0	5.07436e-05	-0.000108637
4	1	2.96918e-12	-0.00010926
4	2	4.20062e-06	-6.23349e-07
4.1	0	5.60573e-05	-0.000114473
4.1	1	2.9742e-12	-0.000115082
4.1	2	4.20062e-06	-6.08226e-07
4.2	0	5.93009e-05	-0.000118164
4.2	1	2.97897e-12	-0.000118758
4.2	2	4.20062e-06	-5.93818e-07
4.3	0	5.85782e-05	-0.000117331
4.3	1	2.98352e-12	-0.000117911
4.3	2	4.20062e-06	-5.80075e-07
4.4	0	5.43373e-05	-0.00011256
4.4	1	2.98786e-12	-0.000113127
4.4	2	4.20062e-06	-5.66953e-07
4.5	0	4.89025e-05	-0.000106659
4.5	1	2.992e-12	-0.000107214
4.5	2	4.20062e-06	-5.54409e-07
4.6	0	4.43966e-05	-0.000101891
4.6	1	2.99596e-12	-0.000102433
4.6	2	4.20062e-06	-5.42408e-07
4.7	0	4.18468e-05	-9.92278e-05
4.7	1	2.99976e-12	-9.97587e-05
4.7	2	4.20062e-06	-5.30914e-07
4.8	0	4.15692e-05	-9.89392e-05
4.8	1	3.00339e-12	-9.94591e-05
4.8	2	4.20062e-06	-5.19896e-07
4.9	0	4.35879e-05	-0.000101044
4.9	1	3.00687e-12	-0.000101553
4.9	2	4.20062e-06	-5.09326e-07
5	0	4.76821e-05	-0.000105359
5	1	3.01021e-12	-0.000105858
5	2	4.20062e-06	-4.99176e-07
5.1	0	5.30467e-05	-0.00011114
5.1	1	3.01342e-12	-0.00011163
5.1	2	4.20062e-06	-4.89421e-07
5.2	0	5.78112e-05	-0.000116454
5.2	1	3.01651e-12	-0.000116934
5.2	2	4.20062e-06	-4.80041e-07
5.3	0	5.95177e-05	-0.000118415
5.3	1	3.01948e-12	-0.000118886
5.3	2	4.20062e-06	-4.71012e-07
5.4	0	5.71207e-05	-0.000115671
5.4	1	3.02233e-12	-0.000116133
5.4	2	4.20062e-06	-4.62316e-07
5.5	0	5.20657e-05	-0.00011007
5.5	1	3.02509e-12	-0.000110523
5.5	2	4.20062e-06	-4.53935e-07
5.6	0	4.68248e-05	-0.000104449
5.6	1	3.02774e-12	-0.000104895
5.6	2	4.20062e-06	-4.45853e-07
5.7	0	4.30653e-05	-0.000100497
5.7	1	3.0303e-12	-0.000100935
5.7	2	4.20062e-06	-4.38052e-07
5.8	0	4.14489e-05	-9.88142e-05
5.8	1	3.03277e-12	-9.92447e-05
5.8	2	4.20062e-06	-4.3052e-07
5.9	0	4.21385e-05	-9.95314e-05
5.9	1	3.03515e-12	-9.99546e-05
5.9	2	4.20062e-06	-4.23241e-07
6	0	4.50731e-05	-0.000102601
6	1	3.03746e-12	-0.000103017
6	2	4.20062e-06	-4.16205e-07
6.1	0	4.98492e-05	-0.000107674
6.1	1	3.03969e-12	-0.000108083
6.1	2	4.20062e-06	-4.09398e-07
6.2	0	5.52558e-05	-0.000113578
6.2	1	3.04184e-12	-0.000113981
6.2	2	4.20062e-06	-4.0281e-07
6.3	0	5.90124e-05	-0.000117831
6.3	1	3.04393e-12	-0.000118227
6.3	2	4.20062e-06	-3.96431e-07
6.4	0	5.89832e-05	-0.000117797
6.4	1	3.04595e-12	-0.000118187
6.4	2	4.20062e-06	-3.9025e-07
6.5	0	5.51864e-05	-0.000113501
6.5	1	3.04791e-12	-0.000113885
6.5	2	4.20062e-06	-3.84259e-07
6.6	0	4.9775e-05	-0.000107594
6.6	1	3.04981e-12	-0.000107972
6.6	2	4.20062e-06	-3.78449e-07
6.7	0	4.50186e-05	-0.000102544
6.7	1	3.05165e-12	-0.000102916
6.7	2	4.20062e-06	-3.72812e-07
6.8	0	4.21134e-05	-9.95052e-05
6.8	1	3.05344e-12	-9.98725e-05
6.8	2	4.20062e-06	-3.6734e-07
6.9	0	4.14556e-05	-9.88211e-05
6.9	1	3.05518e-12	-9.91831e-05
6.9	2	4.20062e-06	-3.62026e-07
7	0	4.31033e-05	-0.000100537
7	1	3.05686e-12	-0.000100894
7	2	4.20062e-06	-3.56864e-07
7.1	0	4.68894e-05	-0.000104518
7.1	1	3.0585e-12	-0.000104869
7.1	2	4.20062e-06	-3.51846e-07
7.2	0	5.21419e-05	-0.000110153
7.2	1	3.06009e-12	-0.000110499
7.2	2	4.20062e-06	-3.46968e-07
7.3	0	5.71774e-05	-0.000115735
7.3	1	3.06164e-12	-0.000116077
7.3	2	4.20062e-06	-3.42223e-07
7.4	0	5.95226e-05	-0.000118421
7.4	1	3.06314e-12	-0.000118759
7.4	2	4.20062e-06	-3.37606e-07
7.5	0	5.77612e-05	-0.000116397
7.5	1	3.06461e-12	-0.00011673
7.5	2	4.20062e-06	-3.33111e-07
7.6	0	5.29712e-05	-0.000111058
7.6	1	3.06604e-12	-0.000111386
7.6	2	4.20062e-06	-3.28735e-07
7.7	0	4.76142e-05	-0.000105286
7.7	1	3.06742e-12	-0.000105611
7.7	2	4.20062e-06	-3.24472e-07
7.8	0	4.3545e-05	-0.000100999
7.8	1	3.06878e-12	-0.000101319
7.8	2	4.20062e-06	-3.20319e-07
7.9	0	4.15573e-05	-9.89268e-05
7.9	1	3.0701e-12	-9.92431e-05
7.9	2	4.20062e-06	-3.1627e-07
8	0	4.18668e-05	-9.92486e-05
8	1	3.07138e-12	-9.9561e-05
8	2	4.20062e-06	-3.12322e-07
8.1	0	4.44468e-05	-0.000101943
8.1	1	3.07263e-12	-0.000102252
8.1	2	4.20062e-06	-3.08471e-07
8.2	0	4.89747e-05	-0.000106736
8.2	1	3.07386e-12	-0.000107041
8.2	2	4.20062e-06	-3.04714e-07
8.3	0	5.44099e-05	-0.00011264
8.3	1	3.07505e-12	-0.000112941
8.3	2	4.20062e-06	-3.01048e-07
8.4	0	5.86161e-05	-0.000117375
8.4	1	3.07621e-12	-0.000117672
8.4	2	4.20062e-06	-2.97469e-07
8.5	0	5.92809e-05	-0.000118141
8.5	1	3.07735e-12	-0.000118435
8.5	2	4.20062e-06	-2.93973e-07
8.6	0	5.5992e-05	-0.0001144
8.6	1	3.07846e-12	-0.000114691
8.6	2	4.20062e-06	-2.90559e-07
8.7	0	5.0668e-05	-0.000108555
8.7	1	3.07954e-12	-0.000108842
8.7	2	4.20062e-06	-2.87223e-07
8.8	0	4.56922e-05	-0.000103253
8.8	1	3.0806e-12	-0.000103537
8.8	2	4.20062e-06	-2.83963e-07
8.9	0	4.24413e-05	-9.98467e-05
8.9	1	3.08164e-12	-0.000100127
8.9	2	4.20062e-06	-2.80776e-07
9	0	4.14046e-05	-9.87681e-05
9	1	3.08265e-12	-9.90458e-05
9	2	4.20062e-06	-2.7766e-07
9.1	0	4.26774e-05	-0.000100093
9.1	1	3.08364e-12	-0.000100367
9.1	2	4.20062e-06	-2.74612e-07
9.2	0	4.61387e-05	-0.000103724
9.2	1	3.08461e-12	-0.000103995
9.2	2	4.20062e-06	-2.7163e-07
9.3	0	5.12337e-05	-0.000109167
9.3	1	3.08556e-12	-0.000109435
9.3	2	4.20062e-06	-2.68712e-07
9.4	0	5.64686e-05	-0.000114935
9.4	1	3.08648e-12	-0.000115201
9.4	2	4.20062e-06	-2.65857e-07
9.5	0	5.94102e-05	-0.000118291
9.5	1	3.08739e-12	-0.000118554
9.5	2	4.20062e-06	-2.63061e-07
9.6	0	5.83164e-05	-0.000117031
9.6	1	3.08828e-12	-0.000117291
9.6	2	4.20062e-06	-2.60323e-07
9.7	0	5.38633e-05	-0.000112037
9.7	1	3.08915e-12	-0.000112295
9.7	2	4.20062e-06	-2.57642e-07
9.8	0	4.84409e-05	-0.000106166
9.8	1	3.09e-12	-0.000106421
9.8	2	4.20062e-06	-2.55016e-07
9.9	0	4.40822e-05	-0.000101561
9.9	1	3.09084e-12	-0.000101813
9.9	2	4.20062e-06	-2.52442e-07
10	0	4.17282e-05	-9.91045e-05
10	1	3.09166e-12	-9.93544e-05
10	2	4.20062e-06	-2.4992e-07
10.1	0	4.1657e-05	-9.90304e-05
10.1	1	3.09246e-12	-9.92779e-05
10.1	2	4.20062e-06	-2.47448e-07
10.2	0	4.38746e-05	-0.000101344
10.2	1	3.09324e-12	-0.000101589
10.2	2	4.20062e-06	-2.45024e-07
10.3	0	4.81275e-05	-0.000105832
10.3	1	3.09401e-12	-0.000106075
10.3	2	4.20062e-06	-2.42647e-07
10.4	0	5.35318e-05	-0.000111672
10.4	1	3.09477e-12	-0.000111913
10.4	2	4.20062e-06	-2.40316e-07
10.5	0	5.81193e-05	-0.000116806
10.5	1	3.09551e-12	-0.000117044
10.5	2	4.20062e-06	-2.38029e-07
10.6	0	5.94659e-05	-0.000118355
10.6	1	3.09624e-12	-0.000118591
10.6	2	4.20062e-06	-2.35785e-07
10.7	0	5.67419e-05	-0.000115243
10.7	1	3.09695e-12	-0.000115476
10.7	2	4.20062e-06	-2.33583e-07
10.8	0	5.15732e-05	-0.000109535
10.8	1	3.09765e-12	-0.000109766
10.8	2	4.20062e-06	-2.31422e-07
10.9	0	4.64144e-05	-0.000104015
10.9	1	3.09834e-12	-0.000104244
10.9	2	4.20062e-06	-2.293e-07
11	0	4.28298e-05	-0.000100252
11	1	3.09901e-12	-0.000100479
11	2	4.20062e-06	-2.27217e-07
11.1	0	4.14163e-05	-9.87803e-05
11.1	1	3.09968e-12	-9.90055e-05
11.1	2	4.20062e-06	-2.25172e-07
11.2	0	4.23115e-05	-9.97114e-05
11.2	1	3.10033e-12	-9.99346e-05
11.2	2	4.20062e-06	-2.23163e-07
11.3	0	4.54343e-05	-0.000102981
11.3	1	3.10096e-12	-0.000103202
11.3	2	4.20062e-06	-2.21189e-07
11.4	0	5.0332e-05	-0.000108193
11.4	1	3.10159e-12	-0.000108412
11.4	2	4.20062e-06	-2.1925e-07
11.5	0	5.56964e-05	-0.00011407
11.5	1	3.10221e-12	-0.000114287
11.5	2	4.20062e-06	-2.17345e-07
11.6	0	5.91825e-05	-0.000118027
11.6	1	3.10282e-12	-0.000118243
11.6	2	4.20062e-06	-2.15473e-07
11.7	0	5.87766e-05	-0.000117559
11.7	1	3.10341e-12	-0.000117773
11.7	2	4.20062e-06	-2.13632e-07
11.8	0	5.47308e-05	-0.000112995
11.8	1	3.104e-12	-0.000113207
11.8	2	4.20062e-06	-2.11823e-07
11.9	0	4.9299e-05	-0.000107084
11.9	1	3.10457e-12	-0.000107294
11.9	2	4.20062e-06	-2.10044e-07
12	0	4.46749e-05	-0.000102183
12	1	3.10514e-12	-0.000102391
12	2	4.20062e-06	-2.08295e-07
12.1	0	4.19613e-05	-9.93469e-05
12.1	1	3.10569e-12	-9.95534e-05
12.1	2	4.20062e-06	-2.06574e-07
12.2	0	4.15094e-05	-9.8877e-05
12.2	1	3.10624e-12	-9.90819e-05
12.2	2	4.20062e-06	-2.04882e-07
12.3	0	4.33587e-05	-0.000100804
12.3	1	3.10678e-12	-0.000101007
12.3	2	4.20062e-06	-2.03217e-07
12.4	0	4.73142e-05	-0.000104968
12.4	1	3.10731e-12	-0.000105169
12.4	2	4.20062e-06	-2.0158e-07
12.5	0	5.26334e-05	-0.000110688
12.5	1	3.10783e-12	-0.000110888
12.5	2	4.20062e-06	-1.99968e-07
12.6	0	5.7531e-05	-0.000116136
12.6	1	3.10834e-12	-0.000116334
12.6	2	4.20062e-06	-1.98382e-07
12.7	0	5.95345e-05	-0.000118435
12.7	1	3.10885e-12	-0.000118632
12.7	2	4.20062e-06	-1.9682e-07
12.8	0	5.7424e-05	-0.000116014
12.8	1	3.10934e-12	-0.000116209
12.8	2	4.20062e-06	-1.95284e-07
12.9	0	5.24814e-05	-0.000110522
12.9	1	3.10983e-12	-0.000110716
12.9	2	4.20062e-06	-1.93771e-07
13	0	4.71813e-05	-0.000104827
13	1	3.11032e-12	-0.000105019
13	2	4.20062e-06	-1.92281e-07
13.1	0	4.32778e-05	-0.000100719
13.1	1	3.11079e-12	-0.00010091
13.1	2	4.20062e-06	-1.90814e-07
13.2	0	4.14907e-05	-9.88577e-05
13.2	1	3.11126e-12	-9.9047e-05
13.2	2	4.20062e-06	-1.89369e-07
13.3	0	4.20065e-05	-9.93939e-05
13.3	1	3.11172e-12	-9.95818e-05
13.3	2	4.20062e-06	-1.87946e-07
13.4	0	4.47797e-05	-0.000102293
13.4	1	3.11217e-12	-0.000102479
13.4	2	4.20062e-06	-1.86544e-07
13.5	0	4.94457e-05	-0.000107241
13.5	1	3.11262e-12	-0.000107426
13.5	2	4.20062e-06	-1.85163e-07
13.6	0	5.48731e-05	-0.000113153
13.6	1	3.11305e-12	-0.000113337
13.6	2	4.20062e-06	-1.83802e-07
13.7	0	5.88439e-05	-0.000117637
13.7	1	3.11349e-12	-0.000117819
13.7	2	4.20062e-06	-1.82461e-07
13.8	0	5.91333e-05	-0.00011797
13.8	1	3.11391e-12	-0.000118151
13.8	2	4.20062e-06	-1.8114e-07
13.9	0	5.55615e-05	-0.000113919
13.9	1	3.11434e-12	-0.000114099
13.9	2	4.20062e-06	-1.79837e-07
14	0	5.01819e-05	-0.000108032
14	1	3.11475e-12	-0.00010821
14	2	4.20062e-06	-1.78553e-07
14.1	0	4.53208e-05	-0.000102862
14.1	1	3.11516e-12	-0.000103039
14.1	2	4.20062e-06	-1.77287e-07
14.2	0	4.2256e-05	-9.96537e-05
14.2	1	3.11556e-12	-9.98297e-05
14.2	2	4.20062e-06	-1.76039e-07
14.3	0	4.14244e-05	-9.87887e-05
14.3	1	3.11596e-12	-9.89635e-05
14.3	2	4.20062e-06	-1.74809e-07
14.4	0	4.29008e-05	-0.000100326
14.4	1	3.11635e-12	-0.000100499
14.4	2	4.20062e-06	-1.73595e-07
14.5	0	4.65401e-05	-0.000104148
14.5	1	3.11674e-12	-0.00010432
14.5	2	4.20062e-06	-1.72399e-07
14.6	0	5.17257e-05	-0.0001097
14.6	1	3.11712e-12	-0.000109871
14.6	2	4.20062e-06	-1.71218e-07
14.7	0	5.68614e-05	-0.000115378
14.7	1	3.11749e-12	-0.000115548
14.7	2	4.20062e-06	-1.70054e-07
14.8	0	5.94856e-05	-0.000118378
14.8	1	3.11786e-12	-0.000118547
14.8	2	4.20062e-06	-1.68905e-07
14.9	0	5.80267e-05	-0.0001167
14.9	1	3.11823e-12	-0.000116868
14.9	2	4.20062e-06	-1.67772e-07
15	0	5.33822e-05	-0.000111508
15	1	3.11859e-12	-0.000111675
15	2	4.20062e-06	-1.66654e-07
15.1	0	4.79885e-05	-0.000105684
15.1	1	3.11895e-12	-0.00010585
15.1	2	4.20062e-06	-1.65551e-07
15.2	0	4.3784e-05	-0.000101249
15.2	1	3.1193e-12	-0.000101413
15.2	2	4.20062e-06	-1.64462e-07
15.3	0	4.16278e-05	-9.90001e-05
15.3	1	3.11964e-12	-9.91635e-05
15.3	2	4.20062e-06	-1.63388e-07
15.4	0	4.1763e-05	-9.91406e-05
15.4	1	3.11999e-12	-9.93029e-05
15.4	2	4.20062e-06	-1.62327e-07
15.5	0	4.41778e-05	-0.000101661
15.5	1	3.12032e-12	-0.000101822
15.5	2	4.20062e-06	-1.6128e-07
15.6	0	4.85828e-05	-0.000106318
15.6	1	3.12066e-12	-0.000106478
15.6	2	4.20062e-06	-1.60247e-07
15.7	0	5.4011e-05	-0.0001122
15.7	1	3.12099e-12	-0.000112359
15.7	2	4.20062e-06	-1.59227e-07
15.8	0	5.84005e-05	-0.000117127
15.8	1	3.12131e-12	-0.000117286
15.8	2	4.20062e-06	-1.58219e-07
15.9	0	5.938e-05	-0.000118256
15.9	1	3.12163e-12	-0.000118413
15.9	2	4.20062e-06	-1.57224e-07
16	0	5.63432e-05	-0.000114794
16	1	3.12195e-12	-0.00011495
16	2	4.20062e-06	-1.56242e-07
16.1	0	5.10817e-05	-0.000109002
16.1	1	3.12226e-12	-0.000109157
16.1	2	4.20062e-06	-1.55272e-07
16.2	0	4.60172e-05	-0.000103595
16.2	1	3.12257e-12	-0.00010375
16.2	2	4.20062e-06	-1.54314e-07
16.3	0	4.26117e-05	-0.000100024
16.3	1	3.12288e-12	-0.000100178
16.3	2	4.20062e-06	-1.53368e-07
16.4	0	4.14021e-05	-9.87656e-05
16.4	1	3.12318e-12	-9.8918e-05
16.4	2	4.20062e-06	-1.52433e-07
16.5	0	4.25022e-05	-9.99102e-05
16.5	1	3.12348e-12	-0.000100062
16.5	2	4.20062e-06	-1.51509e-07
16.6	0	4.581e-05	-0.000103377
16.6	1	3.12377e-12	-0.000103527
16.6	2	4.20062e-06	-1.50597e-07
16.7	0	5.08193e-05	-0.000108718
16.7	1	3.12406e-12	-0.000108868
16.7	2	4.20062e-06	-1.49695e-07
16.8	0	5.61221e-05	-0.000114546
16.8	1	3.12435e-12	-0.000114695
16.8	2	4.20062e-06	-1.48804e-07
16.9	0	5.932e-05	-0.000118186
16.9	1	3.12463e-12	-0.000118334
16.9	2	4.20062e-06	-1.47924e-07
17	0	5.85396e-05	-0.000117287
17	1	3.12491e-12	-0.000117434
17	2	4.20062e-06	-1.47054e-07
17.1	0	5.42646e-05	-0.000112479
17.1	1	3.12519e-12	-0.000112626
17.1	2	4.20062e-06	-1.46195e-07
17.2	0	4.88305e-05	-0.000106582
17.2	1	3.12546e-12	-0.000106728
17.2	2	4.20062e-06	-1.45345e-07
17.3	0	4.43469e-05	-0.000101838
17.3	1	3.12573e-12	-0.000101983
17.3	2	4.20062e-06	-1.44505e-07
17.4	0	4.18272e-05	-9.92075e-05
17.4	1	3.126e-12	-9.93512e-05
17.4	2	4.20062e-06	-1.43675e-07
17.5	0	4.15816e-05	-9.89521e-05
17.5	1	3.12627e-12	-9.90949e-05
17.5	2	4.20062e-06	-1.42854e-07
17.6	0	4.36311e-05	-0.000101089
17.6	1	3.12653e-12	-0.000101231
17.6	2	4.20062e-06	-1.42043e-07
17.7	0	4.77503e-05	-0.000105431
17.7	1	3.12678e-12	-0.000105572
17.7	2	4.20062e-06	-1.4124e-07
17.8	0	5.31221e-05	-0.000111223
17.8	1	3.12704e-12	-0.000111363
17.8	2	4.20062e-06	-1.40447e-07
17.9	0	5.78606e-05	-0.00011651
17.9	1	3.12729e-12	-0.00011665
17.9	2	4.20062e-06	-1.39663e-07
18	0	5.9512e-05	-0.000118409
18	1	3.12754e-12	-0.000118547
18	2	4.20062e-06	-1.38887e-07
18.1	0	5.70635e-05	-0.000115606
18.1	1	3.12779e-12	-0.000115744
18.1	2	4.20062e-06	-1.3812e-07
18.2	0	5.19895e-05	-0.000109987
18.2	1	3.12803e-12	-0.000110124
18.2	2	4.20062e-06	-1.37361e-07
18.3	0	4.67605e-05	-0.000104381
18.3	1	3.12828e-12	-0.000104518
18.3	2	4.20062e-06	-1.36611e-07
18.4	0	4.30277e-05	-0.000100458
18.4	1	3.12852e-12	-0.000100594
18.4	2	4.20062e-06	-1.35868e-07
18.5	0	4.14426e-05	-9.88077e-05
18.5	1	3.12875e-12	-9.89428e-05
18.5	2	4.20062e-06	-1.35134e-07
18.6	0	4.21641e-05	-9.9558e-05
18.6	1	3.12899e-12	-9.96924e-05
18.6	2	4.20062e-06	-1.34408e-07
18.7	0	4.5128e-05	-0.000102659
18.7	1	3.12922e-12	-0.000102792
18.7	2	4.20062e-06	-1.33689e-07
18.8	0	4.99235e-05	-0.000107754
18.8	1	3.12945e-12	-0.000107887
18.8	2	4.20062e-06	-1.32978e-07
18.9	0	5.53249e-05	-0.000113655
18.9	1	3.12967e-12	-0.000113788
18.9	2	4.20062e-06	-1.32275e-07
19	0	5.90408e-05	-0.000117863
19	1	3.1299e-12	-0.000117995
19	2	4.20062e-06	-1.31579e-07
19.1	0	5.89533e-05	-0.000117763
19.1	1	3.13012e-12	-0.000117893
19.1	2	4.20062e-06	-1.3089e-07
19.2	0	5.51167e-05	-0.000113424
19.2	1	3.13034e-12	-0.000113554
19.2	2	4.20062e-06	-1.30209e-07
19.3	0	4.97009e-05	-0.000107515
19.3	1	3.13056e-12	-0.000107644
19.3	2	4.20062e-06	-1.29534e-07
19.4	0	4.49644e-05	-0.000102487
19.4	1	3.13077e-12	-0.000102615
19.4	2	4.20062e-06	-1.28867e-07
19.5	0	4.20887e-05	-9.94795e-05
19.5	1	3.13098e-12	-9.96077e-05
19.5	2	4.20062e-06	-1.28206e-07
19.6	0	4.14627e-05	-9.88285e-05
19.6	1	3.13119e-12	-9.89561e-05
19.6	2	4.20062e-06	-1.27552e-07
19.7	0	4.31416e-05	-0.000100577
19.7	1	3.1314e-12	-0.000100704
19.7	2	4.20062e-06	-1.26905e-07
19.8	0	4.69543e-05	-0.000104586
19.8	1	3.13161e-12	-0.000104713
19.8	2	4.20062e-06	-1.26264e-07
19.9	0	5.2218e-05	-0.000110235
19.9	1	3.13181e-12	-0.000110361
19.9	2	4.20062e-06	-1.2563e-07
20	0	5.72336e-05	-0.000115798
20	1	3.13201e-12	-0.000115923
20	2	4.20062e-06	-1.25002e-07
20.1	0	5.95267e-05	-0.000118426
20.1	1	3.13221e-12	-0.00011855
20.1	2	4.20062e-06	-1.2438e-07
20.2	0	5.77106e-05	-0.00011634
20.2	1	3.13241e-12	-0.000116463
20.2	2	4.20062e-06	-1.23764e-07
20.3	0	5.28957e-05	-0.000110975
20.3	1	3.13261e-12	-0.000111098
20.3	2	4.20062e-06	-1.23155e-07
20.4	0	4.75465e-05	-0.000105214
20.4	1	3.1328e-12	-0.000105337
20.4	2	4.20062e-06	-1.22551e-07
20.5	0	4.35026e-05	-0.000100954
20.5	1	3.133e-12	-0.000101076
20.5	2	4.20062e-06	-1.21953e-07
20.6	0	4.15458e-05	-9.89149e-05
20.6	1	3.13319e-12	-9.90362e-05
20.6	2	4.20062e-06	-1.21361e-07
20.7	0	4.18872e-05	-9.92699e-05
20.7	1	3.13337e-12	-9.93906e-05
20.7	2	4.20062e-06	-1.20775e-07
20.8	0	4.44972e-05	-0.000101996
20.8	1	3.13356e-12	-0.000102116
20.8	2	4.20062e-06	-1.20195e-07
20.9	0	4.9047e-05	-0.000106814
20.9	1	3.13375e-12	-0.000106933
20.9	2	4.20062e-06	-1.1962e-07
21	0	5.44822e-05	-0.00011272
21	1	3.13393e-12	-0.000112839
21	2	4.20062e-06	-1.1905e-07
21.1	0	5.86533e-05	-0.000117417
21.1	1	3.13411e-12	-0.000117536
21.1	2	4.20062e-06	-1.18486e-07
21.2	0	5.92603e-05	-0.000118117
21.2	1	3.13429e-12	-0.000118235
21.2	2	4.20062e-06	-1.17927e-07
21.3	0	5.59265e-05	-0.000114327
21.3	1	3.13447e-12	-0.000114444
21.3	2	4.20062e-06	-1.17374e-07
21.4	0	5.05926e-05	-0.000108474
21.4	1	3.13465e-12	-0.000108591
21.4	2	4.20062e-06	-1.16825e-07
21.5	0	4.56338e-05	-0.000103191
21.5	1	3.13482e-12	-0.000103307
21.5	2	4.20062e-06	-1.16282e-07
21.6	0	4.24115e-05	-9.98156e-05
21.6	1	3.13499e-12	-9.99313e-05
21.6	2	4.20062e-06	-1.15744e-07
21.7	0	4.14064e-05	-9.87701e-05
21.7	1	3.13516e-12	-9.88853e-05
21.7	2	4.20062e-06	-1.15211e-07
21.8	0	4.27108e-05	-0.000100128
21.8	1	3.13533e-12	-0.000100242
21.8	2	4.20062e-06	-1.14682e-07
21.9	0	4.61999e-05	-0.000103788
21.9	1	3.1355e-12	-0.000103902
21.9	2	4.20062e-06	-1.14159e-07
22	0	5.13097e-05	-0.000109249
22	1	3.13567e-12	-0.000109363
22	2	4.20062e-06	-1.1364e-07
22.1	0	5.65306e-05	-0.000115005
22.1	1	3.13584e-12	-0.000115118
22.1	2	4.20062e-06	-1.13126e-07
22.2	0	5.94241e-05	-0.000118307
22.2	1	3.136e-12	-0.000118419
22.2	2	4.20062e-06	-1.12616e-07
22.3	0	5.82734e-05	-0.000116982
22.3	1	3.13616e-12	-0.000117094
22.3	2	4.20062e-06	-1.12111e-07
22.4	0	5.37894e-05	-0.000111956
22.4	1	3.13632e-12	-0.000112067
22.4	2	4.20062e-06	-1.11611e-07
22.5	0	4.83703e-05	-0.000106091
22.5	1	3.13648e-12	-0.000106202
22.5	2	4.20062e-06	-1.11115e-07
22.6	0	4.4035e-05	-0.000101512
22.6	1	3.13664e-12	-0.000101622
22.6	2	4.20062e-06	-1.10623e-07
22.7	0	4.17115e-05	-9.90871e-05
22.7	1	3.1368e-12	-9.91972e-05
22.7	2	4.20062e-06	-1.10136e-07
22.8	0	4.16722e-05	-9.90462e-05
22.8	1	3.13695e-12	-9.91559e-05
22.8	2	4.20062e-06	-1.09653e-07
22.9	0	4.39204e-05	-0.000101392
22.9	1	3.13711e-12	-0.000101501
22.9	2	4.20062e-06	-1.09175e-07
23	0	4.81973e-05	-0.000105907
23	1	3.13726e-12	-0.000106015
23	2	4.20062e-06	-1.087e-07
23.1	0	5.36063e-05	-0.000111754
23.1	1	3.13741e-12	-0.000111863
23.1	2	4.20062e-06	-1.08229e-07
23.2	0	5.81646e-05	-0.000116857
23.2	1	3.13756e-12	-0.000116965
23.2	2	4.20062e-06	-1.07763e-07
23.3	0	5.94548e-05	-0.000118342
23.3	1	3.13771e-12	-0.00011845
23.3	2	4.20062e-06	-1.07301e-07
23.4	0	5.66815e-05	-0.000115175
23.4	1	3.13786e-12	-0.000115282
23.4	2	4.20062e-06	-1.06842e-07
23.5	0	5.14971e-05	-0.000109452
23.5	1	3.138e-12	-0.000109558
23.5	2	4.20062e-06	-1.06388e-07
23.6	0	4.63521e-05	-0.000103949
23.6	1	3.13815e-12	-0.000104055
23.6	2	4.20062e-06	-1.05937e-07
23.7	0	4.27949e-05	-0.000100215
23.7	1	3.13829e-12	-0.000100321
23.7	2	4.20062e-06	-1.0549e-07
23.8	0	4.14129e-05	-9.87768e-05
23.8	1	3.13843e-12	-9.88818e-05
23.8	2	4.20062e-06	-1.05047e-07
23.9	0	4.23398e-05	-9.97409e-05
23.9	1	3.13857e-12	-9.98456e-05
23.9	2	4.20062e-06	-1.04607e-07
24	0	4.54914e-05	-0.000103041
24	1	3.13871e-12	-0.000103145
24	2	4.20062e-06	-1.04171e-07
24.1	0	5.0407e-05	-0.000108274
24.1	1	3.13885e-12	-0.000108378
24.1	2	4.20062e-06	-1.03739e-07
24.2	0	5.57633e-05	-0.000114144
24.2	1	3.13899e-12	-0.000114248
24.2	2	4.20062e-06	-1.03311e-07
24.3	0	5.92059e-05	-0.000118054
24.3	1	3.13913e-12	-0.000118157
24.3	2	4.20062e-06	-1.02886e-07
24.4	0	5.87419e-05	-0.000117519
24.4	1	3.13926e-12	-0.000117622
24.4	2	4.20062e-06	-1.02464e-07
24.5	0	5.46593e-05	-0.000112916
24.5	1	3.1394e-12	-0.000113018
24.5	2	4.20062e-06	-1.02046e-07
24.6	0	4.92261e-05	-0.000107005
24.6	1	3.13953e-12	-0.000107107
24.6	2	4.20062e-06	-1.01631e-07
24.7	0	4.46232e-05	-0.000102128
24.7	1	3.13966e-12	-0.000102229
24.7	2	4.20062e-06	-1.0122e-07
24.8	0	4.19394e-05	-9.93241e-05
24.8	1	3.13979e-12	-9.94249e-05
24.8	2	4.20062e-06	-1.00812e-07
24.9	0	4.15194e-05	-9.88874e-05
24.9	1	3.13992e-12	-9.89878e-05
24.9	2	4.20062e-06	-1.00407e-07
25	0	4.33998e-05	-0.000100847
25	1	3.14005e-12	-0.000100947
25	2	4.20062e-06	-1.00005e-07
25.1	0	4.73809e-05	-0.000105039
25.1	1	3.14018e-12	-0.000105138
25.1	2	4.20062e-06	-9.96068e-08
25.2	0	5.27091e-05	-0.000110771
25.2	1	3.14031e-12	-0.00011087
25.2	2	4.20062e-06	-9.92116e-08
25.3	0	5.75835e-05	-0.000116195
25.3	1	3.14043e-12	-0.000116294
25.3	2	4.20062e-06	-9.88196e-08
25.4	0	5.95333e-05	-0.000118433
25.4	1	3.14056e-12	-0.000118532
25.4	2	4.20062e-06	-9.84306e-08
25.5	0	5.73697e-05	-0.000115953
25.5	1	3.14068e-12	-0.000116051
25.5	2	4.20062e-06	-9.80446e-08
25.6	0	5.24054e-05	-0.00011044
25.6	1	3.14081e-12	-0.000110537
25.6	2	4.20062e-06	-9.76617e-08
25.7	0	4.71155e-05	-0.000104757
25.7	1	3.14093e-12	-0.000104854
25.7	2	4.20062e-06	-9.72817e-08
25.8	0	4.3238e-05	-0.000100678
25.8	1	3.14105e-12	-0.000100775
25.8	2	4.20062e-06	-9.69047e-08
25.9	0	4.14821e-05	-9.88487e-05
25.9	1	3.14117e-12	-9.89452e-05
25.9	2	4.20062e-06	-9.65306e-08
26	0	4.20297e-05	-9.9418e-05
26	1	3.14129e-12	-9.95142e-05
26	2	4.20062e-06	-9.61594e-08
26.1	0	4.48325e-05	-0.000102348
26.1	1	3.14141e-12	-0.000102444
26.1	2	4.20062e-06	-9.5791e-08
26.2	0	4.95192e-05	-0.00010732
26.2	1	3.14153e-12	-0.000107415
26.2	2	4.20062e-06	-9.54254e-08
26.3	0	5.49438e-05	-0.000113232
26.3	1	3.14164e-12	-0.000113327
26.3	2	4.20062e-06	-9.50626e-08
26.4	0	5.88763e-05	-0.000117674
26.4	1	3.14176e-12	-0.000117769
26.4	2	4.20062e-06	-9.47026e-08
26.5	0	5.91075e-05	-0.000117941
26.5	1	3.14187e-12	-0.000118035
26.5	2	4.20062e-06	-9.43453e-08
26.6	0	5.54936e-05	-0.000113843
26.6	1	3.14199e-12	-0.000113937
26.6	2	4.20062e-06	-9.39906e-08
26.7	0	5.01072e-05	-0.000107951
26.7	1	3.1421e-12	-0.000108045
26.7	2	4.20062e-06	-9.36387e-08
26.8	0	4.52647e-05	-0.000102802
26.8	1	3.14221e-12	-0.000102896
26.8	2	4.20062e-06	-9.32893e-08
26.9	0	4.2229e-05	-9.96255e-05
26.9	1	3.14232e-12	-9.97184e-05
26.9	2	4.20062e-06	-9.29425e-08
27	0	4.14291e-05	-9.87936e-05
27	1	3.14243e-12	-9.88862e-05
27	2	4.20062e-06	-9.25984e-08
27.1	0	4.2937e-05	-0.000100363
27.1	1	3.14254e-12	-0.000100456
27.1	2	4.20062e-06	-9.22567e-08
27.2	0	4.66033e-05	-0.000104215
27.2	1	3.14265e-12	-0.000104307
27.2	2	4.20062e-06	-9.19176e-08
27.3	0	5.18019e-05	-0.000109783
27.3	1	3.14276e-12	-0.000109874
27.3	2	4.20062e-06	-9.15809e-08
27.4	0	5.69204e-05	-0.000115444
27.4	1	3.14287e-12	-0.000115535
27.4	2	4.20062e-06	-9.12467e-08
27.5	0	5.94942e-05	-0.000118388
27.5	1	3.14297e-12	-0.000118479
27.5	2	4.20062e-06	-9.0915e-08
27.6	0	5.79795e-05	-0.000116646
27.6	1	3.14308e-12	-0.000116737
27.6	2	4.20062e-06	-9.05856e-08
27.7	0	5.33072e-05	-0.000111426
27.7	1	3.14319e-12	-0.000111516
27.7	2	4.20062e-06	-9.02586e-08
27.8	0	4.79194e-05	-0.000105611
27.8	1	3.14329e-12	-0.000105701
27.8	2	4.20062e-06	-8.9934e-08
27.9	0	4.37394e-05	-0.000101202
27.9	1	3.14339e-12	-0.000101292
27.9	2	4.20062e-06	-8.96117e-08
28	0	4.16139e-05	-9.89857e-05
28	1	3.1435e-12	-9.9075e-05
28	2	4.20062e-06	-8.92917e-08
28.1	0	4.1781e-05	-9.91594e-05
28.1	1	3.1436e-12	-9.92483e-05
28.1	2	4.20062e-06	-8.89739e-08
28.2	0	4.42262e-05	-0.000101712
28.2	1	3.1437e-12	-0.0001018
28.2	2	4.20062e-06	-8.86585e-08
28.3	0	4.86541e-05	-0.000106394
28.3	1	3.1438e-12	-0.000106482
28.3	2	4.20062e-06	-8.83452e-08
28.4	0	5.40844e-05	-0.000112281
28.4	1	3.1439e-12	-0.000112369
28.4	2	4.20062e-06	-8.80342e-08
28.5	0	5.84415e-05	-0.000117174
28.5	1	3.144e-12	-0.000117262
28.5	2	4.20062e-06	-8.77253e-08
28.6	0	5.93636e-05	-0.000118237
28.6	1	3.1441e-12	-0.000118324
28.6	2	4.20062e-06	-8.74186e-08
28.7	0	5.62798e-05	-0.000114723
28.7	1	3.1442e-12	-0.00011481
28.7	2	4.20062e-06	-8.71141e-08
28.8	0	5.10058e-05	-0.00010892
28.8	1	3.14429e-12	-0.000109007
28.8	2	4.20062e-06	-8.68116e-08
28.9	0	4.59569e-05	-0.000103532
28.9	1	3.14439e-12	-0.000103618
28.9	2	4.20062e-06	-8.65113e-08
29	0	4.25796e-05	-9.99908e-05
29	1	3.14448e-12	-0.000100077
29	2	4.20062e-06	-8.6213e-08
29.1	0	4.14016e-05	-9.8765e-05
29.1	1	3.14458e-12	-9.8851e-05
29.1	2	4.20062e-06	-8.59167e-08
29.2	0	4.25334e-05	-9.99426e-05
29.2	1	3.14467e-12	-0.000100028
29.2	2	4.20062e-06	-8.56225e-08
29.3	0	4.58695e-05	-0.000103439
29.3	1	3.14477e-12	-0.000103525
29.3	2	4.20062e-06	-8.53303e-08
29.4	0	5.0895e-05	-0.0001088
29.4	1	3.14486e-12	-0.000108885
29.4	2	4.20062e-06	-8.50401e-08
29.5	0	5.61864e-05	-0.000114618
29.5	1	3.14495e-12	-0.000114703
29.5	2	4.20062e-06	-8.47519e-08
29.6	0	5.93383e-05	-0.000118207
29.6	1	3.14505e-12	-0.000118292
29.6	2	4.20062e-06	-8.44656e-08
29.7	0	5.85003e-05	-0.000117242
29.7	1	3.14514e-12	-0.000117326
29.7	2	4.20062e-06	-8.41812e-08
29.8	0	5.41916e-05	-0.000112399
29.8	1	3.14523e-12	-0.000112483
29.8	2	4.20062e-06	-8.38988e-08
29.9	0	4.87587e-05	-0.000106506
29.9	1	3.14532e-12	-0.000106589
29.9	2	4.20062e-06	-8.36182e-08
30	0	4.42976e-05	-0.000101787
30	1	3.14541e-12	-0.00010187
30	2	4.20062e-06	-8.33395e-08
30.1	0	4.18081e-05	-9.91876e-05
30.1	1	3.1455e-12	-9.92707e-05
30.1	2	4.20062e-06	-8.30626e-08
30.2	0	4.15944e-05	-9.89654e-05
30.2	1	3.14558e-12	-9.90482e-05
30.2	2	4.20062e-06	-8.27876e-08
30.3	0	4.36748e-05	-0.000101134
30.3	1	3.14567e-12	-0.000101217
30.3	2	4.20062e-06	-8.25144e-08
30.4	0	4.78188e-05	-0.000105504
30.4	1	3.14576e-12	-0.000105586
30.4	2	4.20062e-06	-8.2243e-08
30.5	0	5.31973e-05	-0.000111305
30.5	1	3.14585e-12	-0.000111387
30.5	2	4.20062e-06	-8.19734e-08
30.6	0	5.79093e-05	-0.000116566
30.6	1	3.14593e-12	-0.000116648
30.6	2	4.20062e-06	-8.17055e-08
30.7	0	5.95054e-05	-0.000118401
30.7	1	3.14602e-12	-0.000118482
30.7	2	4.20062e-06	-8.14394e-08
30.8	0	5.70058e-05	-0.000115541
30.8	1	3.1461e-12	-0.000115622
30.8	2	4.20062e-06	-8.1175e-08
30.9	0	5.19133e-05	-0.000109904
30.9	1	3.14619e-12	-0.000109985
30.9	2	4.20062e-06	-8.09124e-08
31	0	4.66964e-05	-0.000104313
31	1	3.14627e-12	-0.000104394
31	2	4.20062e-06	-8.06514e-08
31.1	0	4.29905e-05	-0.000100419
31.1	1	3.14635e-12	-0.0001005
31.1	2	4.20062e-06	-8.03921e-08
31.2	0	4.14368e-05	-9.88016e-05
31.2	1	3.14644e-12	-9.88818e-05
31.2	2	4.20062e-06	-8.01344e-08
31.3	0	4.21901e-05	-9.95851e-05
31.3	1	3.14652e-12	-9.96649e-05
31.3	2	4.20062e-06	-7.98784e-08
31.4	0	4.51832e-05	-0.000102717
31.4	1	3.1466e-12	-0.000102796
31.4	2	4.20062e-06	-7.96241e-08
31.5	0	4.9998e-05	-0.000107834
31.5	1	3.14668e-12	-0.000107913
31.5	2	4.20062e-06	-7.93713e-08
31.6	0	5.53936e-05	-0.000113732
31.6	1	3.14676e-12	-0.000113811
31.6	2	4.20062e-06	-7.91202e-08
31.7	0	5.90685e-05	-0.000117895
31.7	1	3.14684e-12	-0.000117974
31.7	2	4.20062e-06	-7.88706e-08
31.8	0	5.89227e-05	-0.000117727
31.8	1	3.14692e-12	-0.000117806
31.8	2	4.20062e-06	-7.86226e-08
31.9	0	5.50467e-05	-0.000113346
31.9	1	3.147e-12	-0.000113424
31.9	2	4.20062e-06	-7.83761e-08
32	0	4.9627e-05	-0.000107435
32	1	3.14708e-12	-0.000107513
32	2	4.20062e-06	-7.81312e-08
32.1	0	4.49106e-05	-0.00010243
32.1	1	3.14716e-12	-0.000102508
32.1	2	4.20062e-06	-7.78879e-08
32.2	0	4.20644e-05	-9.94542e-05
32.2	1	3.14723e-12	-9.95318e-05
32.2	2	4.20062e-06	-7.7646e-08
32.3	0	4.14702e-05	-9.88364e-05
32.3	1	3.14731e-12	-9.89138e-05
32.3	2	4.20062e-06	-7.74056e-08
32.4	0	4.31804e-05	-0.000100618
32.4	1	3.14739e-12	-0.000100695
32.4	2	4.20062e-06	-7.71667e-08
32.5	0	4.70195e-05	-0.000104655
32.5	1	3.14746e-12	-0.000104732
32.5	2	4.20062e-06	-7.69293e-08
32.6	0	5.22941e-05	-0.000110318
32.6	1	3.14754e-12	-0.000110395
32.6	2	4.20062e-06	-7.66934e-08
32.7	0	5.72893e-05	-0.000115861
32.7	1	3.14762e-12	-0.000115938
32.7	2	4.20062e-06	-7.64588e-08
32.8	0	5.953e-05	-0.000118429
32.8	1	3.14769e-12	-0.000118506
32.8	2	4.20062e-06	-7.62258e-08
32.9	0	5.76595e-05	-0.000116282
32.9	1	3.14776e-12	-0.000116358
32.9	2	4.20062e-06	-7.59941e-08
33	0	5.282e-05	-0.000110892
33	1	3.14784e-12	-0.000110968
33	2	4.20062e-06	-7.57638e-08
33.1	0	4.74791e-05	-0.000105143
33.1	1	3.14791e-12	-0.000105218
33.1	2	4.20062e-06	-7.55349e-08
33.2	0	4.34605e-05	-0.00010091
33.2	1	3.14799e-12	-0.000100986
33.2	2	4.20062e-06	-7.53075e-08
33.3	0	4.15347e-05	-9.89034e-05
33.3	1	3.14806e-12	-9.89785e-05
33.3	2	4.20062e-06	-7.50813e-08
33.4	0	4.1908e-05	-9.92915e-05
33.4	1	3.14813e-12	-9.93664e-05
33.4	2	4.20062e-06	-7.48565e-08
33.5	0	4.4548e-05	-0.000102049
33.5	1	3.1482e-12	-0.000102124
33.5	2	4.20062e-06	-7.46331e-08
33.6	0	4.91196e-05	-0.000106891
33.6	1	3.14827e-12	-0.000106966
33.6	2	4.20062e-06	-7.4411e-08
33.7	0	5.45543e-05	-0.0001128
33.7	1	3.14834e-12	-0.000112874
33.7	2	4.20062e-06	-7.41902e-08
33.8	0	5.86898e-05	-0.000117459
33.8	1	3.14841e-12	-0.000117533
33.8	2	4.20062e-06	-7.39707e-08
33.9	0	5.92388e-05	-0.000118092
33.9	1	3.14848e-12	-0.000118166
33.9	2	4.20062e-06	-7.37525e-08
34	0	5.58605e-05	-0.000114253
34	1	3.14855e-12	-0.000114327
34	2	4.20062e-06	-7.35356e-08
34.1	0	5.05172e-05	-0.000108393
34.1	1	3.14862e-12	-0.000108466
34.1	2	4.20062e-06	-7.332e-08
34.2	0	4.55758e-05	-0.00010313
34.2	1	3.14869e-12	-0.000103203
34.2	2	4.20062e-06	-7.31056e-08
34.3	0	4.23821e-05	-9.9785e-05
34.3	1	3.14876e-12	-9.98579e-05
34.3	2	4.20062e-06	-7.28925e-08
34.4	0	4.14087e-05	-9.87725e-05
34.4	1	3.14883e-12	-9.88451e-05
34.4	2	4.20062e-06	-7.26806e-08
34.5	0	4.27446e-05	-0.000100163
34.5	1	3.1489e-12	-0.000100235
34.5	2	4.20062e-06	-7.247e-08
34.6	0	4.62614e-05	-0.000103853
34.6	1	3.14896e-12	-0.000103926
34.6	2	4.20062e-06	-7.22606e-08
34.7	0	5.13857e-05	-0.000109331
34.7	1	3.14903e-12	-0.000109403
34.7	2	4.20062e-06	-7.20523e-08
34.8	0	5.65922e-05	-0.000115074
34.8	1	3.1491e-12	-0.000115146
34.8	2	4.20062e-06	-7.18453e-08
34.9	0	5.94372e-05	-0.000118322
34.9	1	3.14916e-12	-0.000118393
34.9	2	4.20062e-06	-7.16395e-08
35	0	5.82298e-05	-0.000116932
35	1	3.14923e-12	-0.000117003
35	2	4.20062e-06	-7.14348e-08
35.1	0	5.37153e-05	-0.000111874
35.1	1	3.14929e-12	-0.000111945
35.1	2	4.20062e-06	-7.12313e-08
35.2	0	4.82999e-05	-0.000106016
35.2	1	3.14936e-12	-0.000106087
35.2	2	4.20062e-06	-7.10289e-08
35.3	0	4.39882e-05	-0.000101463
35.3	1	3.14942e-12	-0.000101533
35.3	2	4.20062e-06	-7.08277e-08
35.4	0	4.16952e-05	-9.90702e-05
35.4	1	3.14949e-12	-9.91408e-05
35.4	2	4.20062e-06	-7.06277e-08
35.5	0	4.16878e-05	-9.90625e-05
35.5	1	3.14955e-12	-9.91329e-05
35.5	2	4.20062e-06	-7.04287e-08
35.6	0	4.39666e-05	-0.00010144
35.6	1	3.14961e-12	-0.00010151
35.6	2	4.20062e-06	-7.02309e-08
35.7	0	4.82673e-05	-0.000105981
35.7	1	3.14968e-12	-0.000106051
35.7	2	4.20062e-06	-7.00342e-08
35.8	0	5.36807e-05	-0.000111836
35.8	1	3.14974e-12	-0.000111906
35.8	2	4.20062e-06	-6.98386e-08
35.9	0	5.82092e-05	-0.000116908
35.9	1	3.1498e-12	-0.000116978
35.9	2	4.20062e-06	-6.96441e-08
36	0	5.9443e-05	-0.000118329
36	1	3.14986e-12	-0.000118398
36	2	4.20062e-06	-6.94506e-08
36.1	0	5.66206e-05	-0.000115106
36.1	1	3.14993e-12	-0.000115175
36.1	2	4.20062e-06	-6.92582e-08
36.2	0	5.14211e-05	-0.00010937
36.2	1	3.14999e-12	-0.000109439
36.2	2	4.20062e-06	-6.90669e-08
36.3	0	4.62901e-05	-0.000103884
36.3	1	3.15005e-12	-0.000103952
36.3	2	4.20062e-06	-6.88767e-08
36.4	0	4.27605e-05	-0.000100179
36.4	1	3.15011e-12	-0.000100248
36.4	2	4.20062e-06	-6.86875e-08
36.5	0	4.14099e-05	-9.87737e-05
36.5	1	3.15017e-12	-9.88422e-05
36.5	2	4.20062e-06	-6.84993e-08
36.6	0	4.23686e-05	-9.97709e-05
36.6	1	3.15023e-12	-9.98392e-05
36.6	2	4.20062e-06	-6.83122e-08
36.7	0	4.55489e-05	-0.000103102
36.7	1	3.15029e-12	-0.00010317
36.7	2	4.20062e-06	-6.8126e-08
36.8	0	5.04822e-05	-0.000108355
36.8	1	3.15035e-12	-0.000108423
36.8	2	4.20062e-06	-6.79409e-08
36.9	0	5.58297e-05	-0.000114219
36.9	1	3.15041e-12	-0.000114287
36.9	2	4.20062e-06	-6.77568e-08
37	0	5.92285e-05	-0.00011808
37	1	3.15047e-12	-0.000118148
37	2	4.20062e-06	-6.75737e-08
37.1	0	5.87065e-05	-0.000117478
37.1	1	3.15052e-12	-0.000117546
37.1	2	4.20062e-06	-6.73916e-08
37.2	0	5.45877e-05	-0.000112837
37.2	1	3.15058e-12	-0.000112904
37.2	2	4.20062e-06	-6.72104e-08
37.3	0	4.91533e-05	-0.000106928
37.3	1	3.15064e-12	-0.000106995
37.3	2	4.20062e-06	-6.70302e-08
37.4	0	4.45718e-05	-0.000102074
37.4	1	3.1507e-12	-0.000102141
37.4	2	4.20062e-06	-6.6851e-08
37.5	0	4.19179e-05	-9.93017e-05
37.5	1	3.15076e-12	-9.93684e-05
37.5	2	4.20062e-06	-6.66728e-08
37.6	0	4.15298e-05	-9.88982e-05
37.6	1	3.15081e-12	-9.89647e-05
37.6	2	4.20062e-06	-6.64955e-08
37.7	0	4.34412e-05	-0.00010089
37.7	1	3.15087e-12	-0.000100956
37.7	2	4.20062e-06	-6.63191e-08
37.8	0	4.74479e-05	-0.00010511
37.8	1	3.15093e-12	-0.000105176
37.8	2	4.20062e-06	-6.61437e-08
37.9	0	5.27848e-05	-0.000110854
37.9	1	3.15098e-12	-0.00011092
37.9	2	4.20062e-06	-6.59692e-08
38	0	5.76355e-05	-0.000116254
38	1	3.15104e-12	-0.00011632
38	2	4.20062e-06	-6.57956e-08
38.1	0	5.95312e-05	-0.000118431
38.1	1	3.15109e-12	-0.000118497
38.1	2	4.20062e-06	-6.56229e-08
38.2	0	5.73149e-05	-0.00011589
38.2	1	3.15115e-12	-0.000115956
38.2	2	4.20062e-06	-6.54511e-08
38.3	0	5.23294e-05	-0.000110357
38.3	1	3.1512e-12	-0.000110422
38.3	2	4.20062e-06	-6.52802e-08
38.4	0	4.70499e-05	-0.000104687
38.4	1	3.15126e-12	-0.000104753
38.4	2	4.20062e-06	-6.51102e-08
38.5	0	4.31986e-05	-0.000100637
38.5	1	3.15131e-12	-0.000100702
38.5	2	4.20062e-06	-6.49411e-08
38.6	0	4.14739e-05	-9.88402e-05
38.6	1	3.15136e-12	-9.89049e-05
38.6	2	4.20062e-06	-6.47729e-08
38.7	0	4.20533e-05	-9.94426e-05
38.7	1	3.15142e-12	-9.95072e-05
38.7	2	4.20062e-06	-6.46055e-08
38.8	0	4.48858e-05	-0.000102404
38.8	1	3.15147e-12	-0.000102468
38.8	2	4.20062e-06	-6.4439e-08
38.9	0	4.95928e-05	-0.000107399
38.9	1	3.15152e-12	-0.000107463
38.9	2	4.20062e-06	-6.42734e-08
39	0	5.50141e-05	-0.00011331
39	1	3.15158e-12	-0.000113374
39	2	4.20062e-06	-6.41086e-08
39.1	0	5.89081e-05	-0.000117711
39.1	1	3.15163e-12	-0.000117774
39.1	2	4.20062e-06	-6.39446e-08
39.2	0	5.9081e-05	-0.00011791
39.2	1	3.15168e-12	-0.000117974
39.2	2	4.20062e-06	-6.37815e-08
39.3	0	5.54253e-05	-0.000113767
39.3	1	3.15173e-12	-0.000113831
39.3	2	4.20062e-06	-6.36192e-08
39.4	0	5.00326e-05	-0.000107871
39.4	1	3.15179e-12	-0.000107934
39.4	2	4.20062e-06	-6.34578e-08
39.5	0	4.5209e-05	-0.000102744
39.5	1	3.15184e-12	-0.000102807
39.5	2	4.20062e-06	-6.32971e-08
39.6	0	4.22024e-05	-9.95978e-05
39.6	1	3.15189e-12	-9.96609e-05
39.6	2	4.20062e-06	-6.31373e-08
39.7	0	4.14343e-05	-9.8799e-05
39.7	1	3.15194e-12	-9.8862e-05
39.7	2	4.20062e-06	-6.29783e-08
39.8	0	4.29735e-05	-0.000100402
39.8	1	3.15199e-12	-0.000100464
39.8	2	4.20062e-06	-6.282e-08
39.9	0	4.66669e-05	-0.000104282
39.9	1	3.15204e-12	-0.000104345
39.9	2	4.20062e-06	-6.26626e-08
40	0	5.1878e-05	-0.000109865
40	1	3.15209e-12	-0.000109928
40	2	4.20062e-06	-6.2506e-08
40.1	0	5.69788e-05	-0.00011551
40.1	1	3.15214e-12	-0.000115573
40.1	2	4.20062e-06	-6.23501e-08
40.2	0	5.9502e-05	-0.000118397
40.2	1	3.15219e-12	-0.000118459
40.2	2	4.20062e-06	-6.2195e-08
40.3	0	5.79316e-05	-0.000116592
40.3	1	3.15224e-12	-0.000116654
40.3	2	4.20062e-06	-6.20407e-08
40.4	0	5.32321e-05	-0.000111344
40.4	1	3.15229e-12	-0.000111405
40.4	2	4.20062e-06	-6.18871e-08
40.5	0	4.78506e-05	-0.000105538
40.5	1	3.15234e-12	-0.000105599
40.5	2	4.20062e-06	-6.17343e-08
40.6	0	4.36952e-05	-0.000101156
40.6	1	3.15239e-12	-0.000101217
40.6	2	4.20062e-06	-6.15823e-08
40.7	0	4.16005e-05	-9.89717e-05
40.7	1	3.15244e-12	-9.90332e-05
40.7	2	4.20062e-06	-6.1431e-08
40.8	0	4.17995e-05	-9.91786e-05
40.8	1	3.15248e-12	-9.92398e-05
40.8	2	4.20062e-06	-6.12804e-08
40.9	0	4.42749e-05	-0.000101763
40.9	1	3.15253e-12	-0.000101824
40.9	2	4.20062e-06	-6.11306e-08
41	0	4.87255e-05	-0.00010647
41	1	3.15258e-12	-0.000106531
41	2	4.20062e-06	-6.09815e-08
41.1	0	5.41577e-05	-0.000112362
41.1	1	3.15263e-12	-0.000112422
41.1	2	4.20062e-06	-6.08331e-08
41.2	0	5.84818e-05	-0.000117221
41.2	1	3.15268e-12	-0.000117281
41.2	2	4.20062e-06	-6.06855e-08
41.3	0	5.93465e-05	-0.000118217
41.3	1	3.15272e-12	-0.000118277
41.3	2	4.20062e-06	-6.05386e-08
41.4	0	5.62161e-05	-0.000114651
41.4	1	3.15277e-12	-0.000114712
41.4	2	4.20062e-06	-6.03924e-08
41.5	0	5.093e-05	-0.000108838
41.5	1	3.15282e-12	-0.000108898
41.5	2	4.20062e-06	-6.02468e-08
41.6	0	4.58971e-05	-0.000103469
41.6	1	3.15286e-12	-0.000103529
41.6	2	4.20062e-06	-6.0102e-08
41.7	0	4.25479e-05	-9.99578e-05
41.7	1	3.15291e-12	-0.000100018
41.7	2	4.20062e-06	-5.99579e-08
41.8	0	4.14015e-05	-9.87649e-05
41.8	1	3.15295e-12	-9.88247e-05
41.8	2	4.20062e-06	-5.98145e-08
41.9	0	4.25649e-05	-9.99754e-05
41.9	1	3.153e-12	-0.000100035
41.9	2	4.20062e-06	-5.96717e-08
42	0	4.59292e-05	-0.000103502
42	1	3.15305e-12	-0.000103562
42	2	4.20062e-06	-5.95296e-08
42.1	0	5.09707e-05	-0.000108882
42.1	1	3.15309e-12	-0.000108942
42.1	2	4.20062e-06	-5.93883e-08
42.2	0	5.62503e-05	-0.00011469
42.2	1	3.15314e-12	-0.000114749
42.2	2	4.20062e-06	-5.92475e-08
42.3	0	5.93558e-05	-0.000118228
42.3	1	3.15318e-12	-0.000118287
42.3	2	4.20062e-06	-5.91075e-08
42.4	0	5.84603e-05	-0.000117196
42.4	1	3.15323e-12	-0.000117255
42.4	2	4.20062e-06	-5.89681e-08
42.5	0	5.41184e-05	-0.000112318
42.5	1	3.15327e-12	-0.000112377
42.5	2	4.20062e-06	-5.88293e-08
42.6	0	4.86871e-05	-0.000106429
42.6	1	3.15331e-12	-0.000106488
42.6	2	4.20062e-06	-5.86912e-08
42.7	0	4.42487e-05	-0.000101735
42.7	1	3.15336e-12	-0.000101794
42.7	2	4.20062e-06	-5.85538e-08
42.8	0	4.17895e-05	-9.91682e-05
42.8	1	3.1534e-12	-9.92266e-05
42.8	2	4.20062e-06	-5.8417e-08
42.9	0	4.16077e-05	-9.89792e-05
42.9	1	3.15345e-12	-9.90374e-05
42.9	2	4.20062e-06	-5.82808e-08
43	0	4.37189e-05	-0.000101181
43	1	3.15349e-12	-0.000101239
43	2	4.20062e-06	-5.81453e-08
43.1	0	4.78876e-05	-0.000105577
43.1	1	3.15353e-12	-0.000105635
43.1	2	4.20062e-06	-5.80104e-08
43.2	0	5.32725e-05	-0.000111388
43.2	1	3.15358e-12	-0.000111446
43.2	2	4.20062e-06	-5.78761e-08
43.3	0	5.79574e-05	-0.000116621
43.3	1	3.15362e-12	-0.000116679
43.3	2	4.20062e-06	-5.77425e-08
43.4	0	5.94979e-05	-0.000118392
43.4	1	3.15366e-12	-0.00011845
43.4	2	4.20062e-06	-5.76094e-08
43.5	0	5.69475e-05	-0.000115475
43.5	1	3.1537e-12	-0.000115532
43.5	2	4.20062e-06	-5.7477e-08
43.6	0	5.18371e-05	-0.000109821
43.6	1	3.15375e-12	-0.000109878
43.6	2	4.20062e-06	-5.73452e-08
43.7	0	4.66327e-05	-0.000104246
43.7	1	3.15379e-12	-0.000104303
43.7	2	4.20062e-06	-5.7214e-08
43.8	0	4.29538e-05	-0.000100381
43.8	1	3.15383e-12	-0.000100438
43.8	2	4.20062e-06	-5.70833e-08
43.9	0	4.14314e-05	-9.87961e-05
43.9	1	3.15387e-12	-9.8853e-05
43.9	2	4.20062e-06	-5.69533e-08
44	0	4.22166e-05	-9.96126e-05
44	1	3.15391e-12	-9.96694e-05
44	2	4.20062e-06	-5.68239e-08
44.1	0	4.52389e-05	-0.000102775
44.1	1	3.15395e-12	-0.000102832
44.1	2	4.20062e-06	-5.6695e-08
44.2	0	5.00726e-05	-0.000107914
44.2	1	3.154e-12	-0.00010797
44.2	2	4.20062e-06	-5.65668e-08
44.3	0	5.5462e-05	-0.000113808
44.3	1	3.15404e-12	-0.000113865
44.3	2	4.20062e-06	-5.64391e-08
44.4	0	5.90954e-05	-0.000117926
44.4	1	3.15408e-12	-0.000117983
44.4	2	4.20062e-06	-5.6312e-08
44.5	0	5.88912e-05	-0.000117691
44.5	1	3.15412e-12	-0.000117747
44.5	2	4.20062e-06	-5.61854e-08
44.6	0	5.49764e-05	-0.000113268
44.6	1	3.15416e-12	-0.000113324
44.6	2	4.20062e-06	-5.60595e-08
44.7	0	4.95533e-05	-0.000107356
44.7	1	3.1542e-12	-0.000107412
44.7	2	4.20062e-06	-5.59341e-08
44.8	0	4.48571e-05	-0.000102374
44.8	1	3.15424e-12	-0.00010243
44.8	2	4.20062e-06	-5.58092e-08
44.9	0	4.20405e-05	-9.94294e-05
44.9	1	3.15428e-12	-9.94851e-05
44.9	2	4.20062e-06	-5.56849e-08
45	0	4.14782e-05	-9.88447e-05
45	1	3.15432e-12	-9.89002e-05
45	2	4.20062e-06	-5.55612e-08
45.1	0	4.32196e-05	-0.000100659
45.1	1	3.15436e-12	-0.000100714
45.1	2	4.20062e-06	-5.5438e-08
45.2	0	4.7085e-05	-0.000104725
45.2	1	3.1544e-12	-0.00010478
45.2	2	4.20062e-06	-5.53153e-08
45.3	0	5.23702e-05	-0.000110401
45.3	1	3.15444e-12	-0.000110456
45.3	2	4.20062e-06	-5.51932e-08
45.4	0	5.73444e-05	-0.000115924
45.4	1	3.15448e-12	-0.000115979
45.4	2	4.20062e-06	-5.50717e-08
45.5	0	5.95325e-05	-0.000118432
45.5	1	3.15451e-12	-0.000118487
45.5	2	4.20062e-06	-5.49506e-08
45.6	0	5.76077e-05	-0.000116223
45.6	1	3.15455e-12	-0.000116278
45.6	2	4.20062e-06	-5.48301e-08
45.7	0	5.27443e-05	-0.00011081
45.7	1	3.15459e-12	-0.000110864
45.7	2	4.20062e-06	-5.47102e-08
45.8	0	4.74119e-05	-0.000105071
45.8	1	3.15463e-12	-0.000105126
45.8	2	4.20062e-06	-5.45907e-08
45.9	0	4.34189e-05	-0.000100867
45.9	1	3.15467e-12	-0.000100921
45.9	2	4.20062e-06	-5.44718e-08
46	0	4.15241e-05	-9.88924e-05
46	1	3.15471e-12	-9.89467e-05
46	2	4.20062e-06	-5.43534e-08
46.1	0	4.19293e-05	-9.93137e-05
46.1	1	3.15474e-12	-9.93679e-05
46.1	2	4.20062e-06	-5.42355e-08
46.2	0	4.45993e-05	-0.000102103
46.2	1	3.15478e-12	-0.000102157
46.2	2	4.20062e-06	-5.41181e-08
46.3	0	4.91923e-05	-0.000106969
46.3	1	3.15482e-12	-0.000107023
46.3	2	4.20062e-06	-5.40012e-08
46.4	0	5.46262e-05	-0.000112879
46.4	1	3.15486e-12	-0.000112933
46.4	2	4.20062e-06	-5.38848e-08
46.5	0	5.87256e-05	-0.0001175
46.5	1	3.15489e-12	-0.000117554
46.5	2	4.20062e-06	-5.3769e-08
46.6	0	5.92166e-05	-0.000118066
46.6	1	3.15493e-12	-0.00011812
46.6	2	4.20062e-06	-5.36536e-08
46.7	0	5.57942e-05	-0.000114179
46.7	1	3.15497e-12	-0.000114233
46.7	2	4.20062e-06	-5.35387e-08
46.8	0	5.04419e-05	-0.000108311
46.8	1	3.155e-12	-0.000108365
46.8	2	4.20062e-06	-5.34243e-08
46.9	0	4.55181e-05	-0.000103069
46.9	1	3.15504e-12	-0.000103122
46.9	2	4.20062e-06	-5.33104e-08
47	0	4.23531e-05	-9.97548e-05
47	1	3.15508e-12	-9.9808e-05
47	2	4.20062e-06	-5.3197e-08
47.1	0	4.14114e-05	-9.87753e-05
47.1	1	3.15511e-12	-9.88284e-05
47.1	2	4.20062e-06	-5.3084e-08
47.2	0	4.27788e-05	-0.000100199
47.2	1	3.15515e-12	-0.000100252
47.2	2	4.20062e-06	-5.29716e-08
47.3	0	4.63233e-05	-0.000103919
47.3	1	3.15518e-12	-0.000103971
47.3	2	4.20062e-06	-5.28596e-08
47.4	0	5.14618e-05	-0.000109414
47.4	1	3.15522e-12	-0.000109466
47.4	2	4.20062e-06	-5.27481e-08
47.5	0	5.66533e-05	-0.000115143
47.5	1	3.15526e-12	-0.000115196
47.5	2	4.20062e-06	-5.2637e-08
47.6	0	5.94495e-05	-0.000118336
47.6	1	3.15529e-12	-0.000118389
47.6	2	4.20062e-06	-5.25264e-08
47.7	0	5.81854e-05	-0.000116881
47.7	1	3.15533e-12	-0.000116934
47.7	2	4.20062e-06	-5.24163e-08
47.8	0	5.36409e-05	-0.000111792
47.8	1	3.15536e-12	-0.000111845
47.8	2	4.20062e-06	-5.23067e-08
47.9	0	4.82298e-05	-0.000105941
47.9	1	3.1554e-12	-0.000105994
47.9	2	4.20062e-06	-5.21975e-08
48	0	4.39418e-05	-0.000101414
48	1	3.15543e-12	-0.000101466
48	2	4.20062e-06	-5.20887e-08
48.1	0	4.16793e-05	-9.90537e-05
48.1	1	3.15547e-12	-9.91057e-05
48.1	2	4.20062e-06	-5.19805e-08
48.2	0	4.17038e-05	-9.90792e-05
48.2	1	3.1555e-12	-9.91311e-05
48.2	2	4.20062e-06	-5.18726e-08
48.3	0	4.40132e-05	-0.000101489
48.3	1	3.15553e-12	-0.00010154
48.3	2	4.20062e-06	-5.17652e-08
48.4	0	4.83376e-05	-0.000106056
48.4	1	3.15557e-12	-0.000106108
48.4	2	4.20062e-06	-5.16583e-08
48.5	0	5.3755e-05	-0.000111918
48.5	1	3.1556e-12	-0.000111969
48.5	2	4.20062e-06	-5.15518e-08
48.6	0	5.82532e-05	-0.000116959
48.6	1	3.15564e-12	-0.00011701
48.6	2	4.20062e-06	-5.14457e-08
48.7	0	5.94303e-05	-0.000118314
48.7	1	3.15567e-12	-0.000118365
48.7	2	4.20062e-06	-5.13401e-08
48.8	0	5.65593e-05	-0.000115037
48.8	1	3.1557e-12	-0.000115088
48.8	2	4.20062e-06	-5.12349e-08
48.9	0	5.1345e-05	-0.000109287
48.9	1	3.15574e-12	-0.000109338
48.9	2	4.20062e-06	-5.11301e-08
49	0	4.62284e-05	-0.000103818
49	1	3.15577e-12	-0.000103869
49	2	4.20062e-06	-5.10258e-08
49.1	0	4.27264e-05	-0.000100144
49.1	1	3.1558e-12	-0.000100195
49.1	2	4.20062e-06	-5.09218e-08
49.2	0	4.14074e-05	-9.87711e-05
49.2	1	3.15584e-12	-9.88219e-05
49.2	2	4.20062e-06	-5.08183e-08
49.3	0	4.23977e-05	-9.98013e-05
49.3	1	3.15587e-12	-9.9852e-05
49.3	2	4.20062e-06	-5.07153e-08
49.4	0	4.56068e-05	-0.000103163
49.4	1	3.1559e-12	-0.000103213
49.4	2	4.20062e-06	-5.06126e-08
49.5	0	5.05575e-05	-0.000108436
49.5	1	3.15594e-12	-0.000108487
49.5	2	4.20062e-06	-5.05104e-08
49.6	0	5.58959e-05	-0.000114293
49.6	1	3.15597e-12	-0.000114343
49.6	2	4.20062e-06	-5.04085e-08
49.7	0	5.92504e-05	-0.000118106
49.7	1	3.156e-12	-0.000118156
49.7	2	4.20062e-06	-5.03071e-08
49.8	0	5.86703e-05	-0.000117437
49.8	1	3.15603e-12	-0.000117487
49.8	2	4.20062e-06	-5.02061e-08
49.9	0	5.45157e-05	-0.000112757
49.9	1	3.15607e-12	-0.000112807
49.9	2	4.20062e-06	-5.01055e-08
