0	1	3e-06	1	0	0	0	6.3	0
0.05	1	3e-06	0.950652	0.315	0	-1.92106	5.99048	0
0.1	1	3e-06	0.807894	0.599048	0	-3.6389	5.09983	0
0.15	1	3e-06	0.586762	0.824983	0	-4.98078	3.73394	0
0.2	1	3e-06	0.309816	0.972443	0	-5.82656	2.04639	0
0.25	1	3e-06	0.00410691	1.02962	0	-6.1179	0.212623	0
0.3	1	3e-06	-0.301974	0.993705	0	-5.85557	-1.59382	0
0.35	1	3e-06	-0.58145	0.870241	0	-5.08897	-3.21846	0
0.4	1	3e-06	-0.81087	0.671859	0	-3.90307	-4.53548	0
0.45	1	3e-06	-0.971756	0.416693	0	-2.40633	-5.45126	0
0.5	1	3e-06	-1.0515	0.126734	0	-0.721409	-5.90447	0
0.55	1	3e-06	-1.0439	-0.173754	0	1.02145	-5.86505	0
0.6	1	3e-06	-0.949358	-0.459772	0	2.6891	-5.33373	0
0.65	1	3e-06	-0.774987	-0.707127	0	4.14984	-4.34269	0
0.7	1	3e-06	-0.534374	-0.894041	0	5.279	-2.95739	0
0.75	1	3e-06	-0.247087	-1.00287	0	5.96707	-1.27819	0
0.8	1	3e-06	0.0623331	-1.02186	0	6.13106	0.560049	0
0.85	1	3e-06	0.36602	-0.946861	0	5.72841	2.3933	0
0.9	1	3e-06	0.635174	-0.78253	0	4.77077	4.04099	0
0.95	1	3e-06	0.843096	-0.542762	0	3.33304	5.32674	0
1	1	3e-06	0.968478	-0.249856	0	1.55232	6.10458	0
1.05	1	3e-06	0.998329	0.067696	0	-0.386467	6.28435	0
1.1	1	3e-06	0.929831	0.378579	0	-2.27688	5.84841	0
1.15	1	3e-06	0.770641	0.652537	0	-3.92248	4.85369	0
1.2	1	3e-06	0.537584	0.863948	0	-5.16474	3.41889	0
1.25	1	3e-06	0.254167	0.994426	0	-5.90033	1.70188	0
1.3	1	3e-06	-0.0524495	1.03414	0	-6.0857	-0.125125	0
1.35	1	3e-06	-0.354403	0.981913	0	-5.7316	-1.89634	0
1.4	1	3e-06	-0.625609	0.844502	0	-4.89224	-3.4662	0
1.45	1	3e-06	-0.843627	0.635294	0	-3.65346	-4.7165	0
1.5	1	3e-06	-0.990955	0.372852	0	-2.12254	-5.55887	0
1.55	1	3e-06	-1.05588	0.0794064	0	-0.42072	-5.93493	0
1.6	1	3e-06	-1.03303	-0.220641	0	1.32207	-5.81619	0
1.65	1	3e-06	-0.923674	-0.502212	0	2.97148	-5.20494	0
1.7	1	3e-06	-0.73588	-0.741135	0	4.39339	-4.13639	0
1.75	1	3e-06	-0.484335	-0.915851	0	5.46076	-2.68149	0
1.8	1	3e-06	-0.189804	-1.00928	0	6.06357	-0.94899	0
1.85	1	3e-06	0.122023	-1.01075	0	6.1224	0.916011	0
1.9	1	3e-06	0.422437	-0.917683	0	5.60391	2.73979	0
1.95	1	3e-06	0.682414	-0.736771	0	4.53454	4.3362	0
2	1	3e-06	0.875891	-0.484063	0	3.00702	5.53085	0
2.05	1	3e-06	0.983116	-0.183686	0	1.17457	6.18876	0
2.1	1	3e-06	0.993348	0.134813	0	-0.76858	6.2379	0
2.15	1	3e-06	0.906258	0.440104	0	-2.6165	5.68104	0
2.2	1	3e-06	0.731698	0.702917	0	-4.18257	4.59209	0
2.25	1	3e-06	0.488	0.899313	0	-5.32358	3.0993	0
2.3	1	3e-06	0.19934	1.01285	0	-5.95206	1.36191	0
2.35	1	3e-06	-0.107206	1.0355	0	-6.03713	-0.452712	0
2.4	1	3e-06	-0.404373	0.967576	0	-5.59728	-2.18661	0
2.45	1	3e-06	-0.666934	0.816842	0	-4.68989	-3.70215	0
2.5	1	3e-06	-0.873363	0.597361	0	-3.40097	-4.8873	0
2.55	1	3e-06	-1.00703	0.328113	0	-1.83682	-5.65752	0
2.6	1	3e-06	-1.05704	0.031609	0	-0.11816	-5.95645	0
2.65	1	3e-06	-1.01885	-0.267532	0	1.62424	-5.75693	0
2.7	1	3e-06	-0.89462	-0.544084	0	3.25365	-5.06327	0
2.75	1	3e-06	-0.693481	-0.77386	0	4.63278	-3.91481	0
2.8	1	3e-06	-0.431342	-0.935565	0	5.63213	-2.38963	0
2.85	1	3e-06	-0.130268	-1.01282	0	6.14222	-0.606418	0
2.9	1	3e-06	0.18288	-0.996207	0	6.08926	1.27857	0
2.95	1	3e-06	0.478658	-0.884966	0	5.45171	3.0824	0
3	1	3e-06	0.728051	-0.687966	0	4.27292	4.61559	0
3.05	1	3e-06	0.905949	-0.423407	0	2.66385	5.70907	0
3.1	1	3e-06	0.994436	-0.11706	0	0.792081	6.24204	0
3.15	1	3e-06	0.985158	0.200796	0	-1.14228	6.16213	0
3.2	1	3e-06	0.880209	0.499153	0	-2.93746	5.49165	0
3.25	1	3e-06	0.691412	0.749961	0	-4.41889	4.31875	0
3.3	1	3e-06	0.438319	0.931029	0	-5.45885	2.77809	0
3.35	1	3e-06	0.145527	1.02777	0	-5.98426	1.02788	0
3.4	1	3e-06	-0.160106	1.03382	0	-5.97465	-0.770262	0
3.45	1	3e-06	-0.451938	0.950744	0	-5.45426	-2.46584	0
3.5	1	3e-06	-0.705532	0.787233	0	-4.48245	-3.9279	0
3.55	1	3e-06	-0.900182	0.557954	0	-3.1451	-5.04916	0
3.6	1	3e-06	-1.02004	0.282318	0	-1.54805	-5.74773	0
3.65	1	3e-06	-1.05499	-0.0168198	0	0.187501	-5.96861	0
3.7	1	3e-06	-1.00129	-0.314543	0	1.92871	-5.68595	0
3.75	1	3e-06	-0.862116	-0.585415	0	3.53538	-4.90687	0
3.8	1	3e-06	-0.647753	-0.80523	0	4.86649	-3.67626	0
3.85	1	3e-06	-0.375467	-0.95304	0	5.79051	-2.08105	0
3.9	1	3e-06	-0.0687022	-1.01334	0	6.20002	-0.251357	0
3.95	1	3e-06	0.244535	-0.978176	0	6.0293	1.64503	0
4	1	3e-06	0.534228	-0.848833	0	5.27125	3.41725	0
4.05	1	3e-06	0.77166	-0.636451	0	3.98765	4.8753	0
4.1	1	3e-06	0.932992	-0.361303	0	2.30722	5.85902	0
4.15	1	3e-06	1.00238	-0.0505487	0	0.409233	6.26443	0
4.2	1	3e-06	0.973916	0.265141	0	-1.50405	6.05932	0
4.25	1	3e-06	0.851976	0.555383	0	-3.23817	5.28375	0
4.3	1	3e-06	0.650098	0.793515	0	-4.63196	4.03711	0
4.35	1	3e-06	0.38878	0.959094	0	-5.57255	2.45754	0
4.4	1	3e-06	0.0928432	1.03927	0	-5.9994	0.700541	0
4.45	1	3e-06	-0.21116	1.02915	0	-5.90033	-1.07838	0
4.5	1	3e-06	-0.497189	0.931431	0	-5.30367	-2.73539	0
4.55	1	3e-06	-0.741526	0.75561	0	-4.26996	-4.14492	0
4.6	1	3e-06	-0.924185	0.51694	0	-2.88502	-5.20306	0
4.65	1	3e-06	-1.03003	0.235304	0	-1.25496	-5.82961	0
4.7	1	3e-06	-1.04968	-0.0660211	0	0.497382	-5.97049	0
4.75	1	3e-06	-0.98029	-0.361745	0	2.23586	-5.60153	0
4.8	1	3e-06	-0.826095	-0.626174	0	3.81587	-4.73376	0
4.85	1	3e-06	-0.598703	-0.835121	0	5.09246	-3.41926	0
4.9	1	3e-06	-0.31685	-0.968101	0	5.93294	-1.75561	0
4.95	1	3e-06	-0.00540935	-1.01068	0	6.23399	0.11452	0
5	1	3e-06	0.306549	-0.956649	0	5.94073	2.01203	0
5.05	1	3e-06	0.588664	-0.809479	0	5.06286	3.74019	0
5.1	1	3e-06	0.812835	-0.582629	0	3.68139	5.1119	0
5.15	1	3e-06	0.956803	-0.298289	0	1.94127	5.97927	0
5.2	1	3e-06	1.00696	0.0152972	0	0.0301658	6.25695	0
5.25	1	3e-06	0.959819	0.327406	0	-1.85116	5.93235	0
5.3	1	3e-06	0.821846	0.608532	0	-3.51797	5.06089	0
5.35	1	3e-06	0.608022	0.833494	0	-4.82295	3.75013	0
5.4	1	3e-06	0.339551	0.983544	0	-5.66691	2.13928	0
5.45	1	3e-06	0.041331	1.04742	0	-5.99981	0.380028	0
5.5	1	3e-06	-0.26043	1.02155	0	-5.81583	-1.37803	0
5.55	1	3e-06	-0.540252	0.909619	0	-5.14614	-2.9967	0
5.6	1	3e-06	-0.775044	0.721877	0	-4.05204	-4.35447	0
5.65	1	3e-06	-0.945456	0.474172	0	-2.61964	-5.34959	0
5.7	1	3e-06	-1.03701	0.186918	0	-0.95626	-5.90275	0
5.75	1	3e-06	-1.04108	-0.116103	0	0.812383	-5.96073	0
5.8	1	3e-06	-0.95577	-0.409156	0	2.54563	-5.50171	0
5.85	1	3e-06	-0.786519	-0.666274	0	4.09375	-4.54199	0
5.9	1	3e-06	-0.546395	-0.863354	0	5.30807	-3.14275	0
5.95	1	3e-06	-0.255712	-0.980549	0	6.05619	-1.41387	0
6	1	3e-06	0.0592246	-1.00474	0	6.24142	0.488726	0
6.05	1	3e-06	0.36843	-0.931676	0	5.82253	2.37567	0
6.1	1	3e-06	0.641477	-0.767174	0	4.8279	4.04715	0
6.15	1	3e-06	0.85122	-0.526961	0	3.35757	5.32262	0
6.2	1	3e-06	0.977234	-0.234912	0	1.57032	6.06934	0
6.25	1	3e-06	1.00825	0.0799729	0	-0.341462	6.22142	0
6.3	1	3e-06	0.943088	0.38723	0	-2.18171	5.78446	0
6.35	1	3e-06	0.790081	0.658419	0	-3.77697	4.82641	0
6.4	1	3e-06	0.565391	0.869871	0	-4.99352	3.46019	0
6.45	1	3e-06	0.290728	1.00444	0	-5.74421	1.82427	0
6.5	1	3e-06	-0.00903024	1.0523	0	-5.98751	0.0659844	0
6.55	1	3e-06	-0.308023	1.01104	0	-5.72235	-1.67041	0
6.6	1	3e-06	-0.581265	0.885257	0	-4.98184	-3.25118	0
6.65	1	3e-06	-0.806207	0.685918	0	-3.82793	-4.55756	0
6.7	1	3e-06	-0.964058	0.429501	0	-2.34766	-5.48891	0
6.75	1	3e-06	-1.04097	0.137027	0	-0.650694	-5.96631	0
6.8	1	3e-06	-1.02913	-0.16713	0	1.13309	-5.9376	0
6.85	1	3e-06	-0.927664	-0.456732	0	2.85741	-5.38431	0
6.9	1	3e-06	-0.743386	-0.705561	0	4.36703	-4.32978	0
6.95	1	3e-06	-0.490961	-0.88971	0	5.51027	-2.84619	0
7	1	3e-06	-0.192359	-0.99018	0	6.15703	-1.05719	0
7.05	1	3e-06	0.124742	-0.99543	0	6.2201	0.868025	0
7.1	1	3e-06	0.429651	-0.903378	0	5.67459	2.73172	0
7.15	1	3e-06	0.6922	-0.722258	0	4.56864	4.3344	0
7.2	1	3e-06	0.886515	-0.469938	0	3.02012	5.50557	0
7.25	1	3e-06	0.994212	-0.171701	0	1.19851	6.12976	0
7.3	1	3e-06	1.00637	0.143037	0	-0.702674	6.16036	0
7.35	1	3e-06	0.923945	0.444335	0	-2.49464	5.61899	0
7.4	1	3e-06	0.756901	0.704936	0	-4.01599	4.58327	0
7.45	1	3e-06	0.522346	0.902661	0	-5.14561	3.16907	0
7.5	1	3e-06	0.24234	1.02184	0	-5.80661	1.51288	0
7.55	1	3e-06	-0.058315	1.05395	0	-5.96416	-0.242334	0
7.6	1	3e-06	-0.354076	0.99761	0	-5.6206	-1.95681	0
7.65	1	3e-06	-0.620375	0.858268	0	-4.81044	-3.50006	0
7.7	1	3e-06	-0.83512	0.647604	0	-3.59653	-4.75482	0
7.75	1	3e-06	-0.980029	0.382786	0	-2.06771	-5.62071	0
7.8	1	3e-06	-1.04189	0.0855332	0	-0.337182	-6.01894	0
7.85	1	3e-06	-1.01375	-0.219108	0	1.45965	-5.89899	0
7.9	1	3e-06	-0.895926	-0.504366	0	3.17001	-5.24714	0
7.95	1	3e-06	-0.696746	-0.743822	0	4.63314	-4.0957	0
8	1	3e-06	-0.432612	-0.913935	0	5.69568	-2.5298	0
8.05	1	3e-06	-0.127178	-0.996802	0	6.23238	-0.687825	0
8.1	1	3e-06	0.190626	-0.982718	0	6.16854	1.24857	0
8.15	1	3e-06	0.489676	-0.871945	0	5.49779	3.07594	0
8.2	1	3e-06	0.740405	-0.675124	0	4.28818	4.59879	0
8.25	1	3e-06	0.918494	-0.412066	0	2.67322	5.65981	0
8.3	1	3e-06	1.00773	-0.109143	0	0.829602	6.16192	0
8.35	1	3e-06	1.00145	0.204126	0	-1.05129	6.07667	0
8.4	1	3e-06	0.902598	0.498524	0	-2.78973	5.43914	0
8.45	1	3e-06	0.722481	0.74804	0	-4.23632	4.33391	0
8.5	1	3e-06	0.478965	0.931915	0	-5.28125	2.87792	0
8.55	1	3e-06	0.194356	1.03583	0	-5.85605	1.20498	0
8.6	1	3e-06	-0.10664	1.05241	0	-5.93098	-0.545949	0
8.65	1	3e-06	-0.398742	0.981237	0	-5.51081	-2.23858	0
8.7	1	3e-06	-0.657721	0.828556	0	-4.63125	-3.74437	0
8.75	1	3e-06	-0.861866	0.6068	0	-3.35654	-4.94649	0
8.8	1	3e-06	-0.993375	0.333907	0	-1.77838	-5.74417	0
8.85	1	3e-06	-1.0397	0.032383	0	-0.014921	-6.05886	0
8.9	1	3e-06	-0.994867	-0.271979	0	1.7917	-5.84257	0
8.95	1	3e-06	-0.860534	-0.551874	0	3.48157	-5.0881	0
9	1	3e-06	-0.64671	-0.780789	0	4.88897	-3.83885	0
9.05	1	3e-06	-0.371638	-0.935759	0	5.86079	-2.19461	0
9.1	1	3e-06	-0.060631	-1.00025	0	6.27962	-0.308806	0
9.15	1	3e-06	0.256324	-0.96664	0	6.08617	1.62611	0
9.2	1	3e-06	0.547986	-0.83764	0	5.29399	3.40433	0
9.25	1	3e-06	0.785723	-0.626206	0	3.99017	4.83803	0
9.3	1	3e-06	0.947003	-0.353837	0	2.32098	5.78542	0
9.35	1	3e-06	1.01782	-0.0476644	0	0.466751	6.16793	0
9.4	1	3e-06	0.993679	0.262956	0	-1.38595	5.97343	0
9.45	1	3e-06	0.879227	0.549679	0	-3.06742	5.24783	0
9.5	1	3e-06	0.686936	0.787739	0	-4.43962	4.08024	0
9.55	1	3e-06	0.435265	0.957703	0	-5.40245	2.58733	0
9.6	1	3e-06	0.146692	1.04647	0	-5.89416	0.900018	0
9.65	1	3e-06	-0.154151	1.0477	0	-5.88872	-0.846053	0
9.7	1	3e-06	-0.442181	0.961866	0	-5.39274	-2.51693	0
9.75	1	3e-06	-0.693425	0.796012	0	-4.44317	-3.98483	0
9.8	1	3e-06	-0.886498	0.563383	0	-3.10646	-5.13236	0
9.85	1	3e-06	-1.00407	0.282776	0	-1.4784	-5.85802	0
9.9	1	3e-06	-1.03434	-0.0224184	0	0.316492	-6.08389	0
9.95	1	3e-06	-0.972421	-0.325613	0	2.12823	-5.7659	0
10	1	3e-06	-0.821514	-0.599009	0	3.78958	-4.90541	0
10.05	1	3e-06	-0.593463	-0.816154	0	5.13101	-3.55906	0
10.1	1	3e-06	-0.308413	-0.954914	0	6.00222	-1.84256	0
10.15	1	3e-06	0.00675949	-1.00041	0	6.29681	0.0761324	0
10.2	1	3e-06	0.321268	-0.947301	0	5.97339	1.9963	0
10.25	1	3e-06	0.604099	-0.800781	0	5.06591	3.71348	0
10.3	1	3e-06	0.827858	-0.575953	0	3.67862	5.05077	0
10.35	1	3e-06	0.971961	-0.295704	0	1.96721	5.88333	0
10.4	1	3e-06	1.02458	0.01238	0	0.112365	6.15033	0
10.45	1	3e-06	0.983197	0.319329	0	-1.70607	5.85369	0
10.5	1	3e-06	0.853972	0.597749	0	-3.32868	5.0475	0
10.55	1	3e-06	0.650329	0.82408	0	-4.62768	3.82354	0
10.6	1	3e-06	0.391204	0.980103	0	-5.51105	2.29734	0
10.65	1	3e-06	0.0992249	1.05381	0	-5.92216	0.597129	0
10.7	1	3e-06	-0.201011	1.03982	0	-5.83769	-1.14391	0
10.75	1	3e-06	-0.484544	0.939423	0	-5.26571	-2.79293	0
10.8	1	3e-06	-0.727582	0.760523	0	-4.24485	-4.22176	0
10.85	1	3e-06	-0.909029	0.517247	0	-2.84475	-5.31172	0
10.9	1	3e-06	-1.01206	0.229351	0	-1.16673	-5.96045	0
10.95	1	3e-06	-1.0257	-0.0787982	0	0.656941	-6.09154	0
11	1	3e-06	-0.946363	-0.379803	0	2.46758	-5.6666	0
11.05	1	3e-06	-0.778944	-0.645458	0	4.09095	-4.69778	0
11.1	1	3e-06	-0.537268	-0.849581	0	5.35556	-3.25697	0
11.15	1	3e-06	-0.243387	-0.971155	0	6.11697	-1.47644	0
11.2	1	3e-06	0.074429	-0.997225	0	6.28289	0.462792	0
11.25	1	3e-06	0.384902	-0.924876	0	5.83161	2.35497	0
11.3	1	3e-06	0.65759	-0.761729	0	4.8169	4.00071	0
11.35	1	3e-06	0.866592	-0.524805	0	3.35753	5.23661	0
11.4	1	3e-06	0.993343	-0.238068	0	1.61514	5.95522	0
11.45	1	3e-06	1.02811	0.0707172	0	-0.231921	6.11194	0
11.5	1	3e-06	0.970151	0.373126	0	-2.01176	5.72025	0
11.55	1	3e-06	0.82693	0.642742	0	-3.57485	4.84013	0
11.6	1	3e-06	0.612666	0.857139	0	-4.80233	3.56457	0
11.65	1	3e-06	0.346697	0.999199	0	-5.6086	2.00758	0
11.7	1	3e-06	0.0518051	1.0579	0	-5.94085	0.295222	0
11.75	1	3e-06	-0.247388	1.02872	0	-5.7777	-1.44074	0
11.8	1	3e-06	-0.525965	0.913823	0	-5.12865	-3.06739	0
11.85	1	3e-06	-0.760253	0.721982	0	-4.0347	-4.45508	0
11.9	1	3e-06	-0.929435	0.468315	0	-2.56992	-5.48332	0
11.95	1	3e-06	-1.01725	0.17365	0	-0.842681	-6.04923	0
12	1	3e-06	-1.0137	-0.136608	0	1.00568	-6.07916	0
12.05	1	3e-06	-0.916678	-0.434267	0	2.80736	-5.5425	0
12.1	1	3e-06	-0.732968	-0.690858	0	4.38209	-4.46462	0
12.15	1	3e-06	-0.478468	-0.880728	0	5.55895	-2.93418	0
12.2	1	3e-06	-0.177073	-0.984277	0	6.20265	-1.0998	0
12.25	1	3e-06	0.141796	-0.990708	0	6.2378	0.84678	0
12.3	1	3e-06	0.446707	-0.899599	0	5.66313	2.69843	0
12.35	1	3e-06	0.708109	-0.720865	0	4.55071	4.26426	0
12.4	1	3e-06	0.901778	-0.473173	0	3.03066	5.39605	0
12.45	1	3e-06	1.01118	-0.18126	0	1.26739	6.00329	0
12.5	1	3e-06	1.02852	0.127156	0	-0.565226	6.05559	0
12.55	1	3e-06	0.954653	0.424298	0	-2.30369	5.57555	0
12.6	1	3e-06	0.798148	0.684711	0	-3.80751	4.62712	0
12.65	1	3e-06	0.573902	0.88701	0	-4.96529	3.30353	0
12.7	1	3e-06	0.301619	1.01506	0	-5.69635	1.71732	0
12.75	1	3e-06	0.00426617	1.05874	0	-5.95058	-0.00691757	0
12.8	1	3e-06	-0.29344	1.01437	0	-5.70812	-1.73768	0
12.85	1	3e-06	-0.566546	0.884975	0	-4.98017	-3.34075	0
12.9	1	3e-06	-0.791457	0.680297	0	-3.81103	-4.68418	0
12.95	1	3e-06	-0.947649	0.416556	0	-2.28068	-5.64542	0
13	1	3e-06	-1.01952	0.115755	0	-0.506092	-6.12176	0
13.05	1	3e-06	-0.998259	-0.19562	0	1.36125	-6.04407	0
13.1	1	3e-06	-0.883399	-0.488652	0	3.14452	-5.39194	0
13.15	1	3e-06	-0.683807	-0.734814	0	4.65915	-4.20617	0
13.2	1	3e-06	-0.417485	-0.909269	0	5.73781	-2.59318	0
13.25	1	3e-06	-0.110026	-0.994132	0	6.25772	-0.716724	0
13.3	1	3e-06	0.208288	-0.980942	0	6.16245	1.22381	0
13.35	1	3e-06	0.506219	-0.87175	0	5.47095	3.02371	0
13.4	1	3e-06	0.755382	-0.67857	0	4.27118	4.50332	0
13.45	1	3e-06	0.933337	-0.421419	0	2.70134	5.53035	0
13.5	1	3e-06	1.02552	-0.125536	0	0.925809	6.03003	0
13.55	1	3e-06	1.02592	0.181585	0	-0.887346	5.98394	0
13.6	1	3e-06	0.936782	0.472858	0	-2.5829	5.42157	0
13.65	1	3e-06	0.767628	0.723742	0	-4.0283	4.40934	0
13.7	1	3e-06	0.533952	0.913793	0	-5.11806	3.04021	0
13.75	1	3e-06	0.255821	1.02776	0	-5.77513	1.42556	0
13.8	1	3e-06	-0.0435606	1.05635	0	-5.95124	-0.310536	0
13.85	1	3e-06	-0.339302	0.996709	0	-5.62789	-2.03562	0
13.9	1	3e-06	-0.60635	0.852787	0	-4.81858	-3.61307	0
13.95	1	3e-06	-0.82116	0.635402	0	-3.57214	-4.90794	0
14	1	3e-06	-0.963564	0.361993	0	-1.97606	-5.79575	0
14.05	1	3e-06	-1.01877	0.0558268	0	-0.157416	-6.17518	0
14.1	1	3e-06	-0.979306	-0.255525	0	1.72145	-5.98377	0
14.15	1	3e-06	-0.84662	-0.54255	0	3.47547	-5.21388	0
14.2	1	3e-06	-0.631758	-0.776913	0	4.9182	-3.92363	0
14.25	1	3e-06	-0.3548	-0.934913	0	5.88936	-2.23727	0
14.3	1	3e-06	-0.0428228	-1.00064	0	6.28164	-0.331576	0
14.35	1	3e-06	0.273364	-0.968071	0	6.05871	1.59002	0
14.4	1	3e-06	0.563048	-0.841638	0	5.25851	3.32869	0
14.45	1	3e-06	0.799215	-0.635202	0	3.982	4.71796	0
14.5	1	3e-06	0.961248	-0.369842	0	2.37229	5.64133	0
14.55	1	3e-06	1.03644	-0.0710686	0	0.591549	6.03805	0
14.6	1	3e-06	1.0204	0.233963	0	-1.19864	5.89937	0
14.65	1	3e-06	0.91658	0.518869	0	-2.85074	5.25981	0
14.7	1	3e-06	0.735329	0.759944	0	-4.23881	4.18716	0
14.75	1	3e-06	0.492699	0.937585	0	-5.26187	2.77398	0
14.8	1	3e-06	0.209142	1.03734	0	-5.84532	1.1311	0
14.85	1	3e-06	-0.0918331	1.0507	0	-5.94222	-0.616817	0
14.9	1	3e-06	-0.38508	0.97566	0	-5.53557	-2.33516	0
14.95	1	3e-06	-0.64539	0.81718	0	-4.64203	-3.88389	0
15	1	3e-06	-0.849283	0.58727	0	-3.31645	-5.12465	0
15.05	1	3e-06	-0.977036	0.304714	0	-1.65555	-5.93162	0
15.1	1	3e-06	-1.01484	-0.00589187	0	0.202154	-6.20654	0
15.15	1	3e-06	-0.95682	-0.31594	0	2.08335	-5.89618	0
15.2	1	3e-06	-0.806503	-0.59551	0	3.79624	-5.00814	0
15.25	1	3e-06	-0.577196	-0.816754	0	5.15557	-3.61913	0
15.3	1	3e-06	-0.290946	-0.957423	0	6.0116	-1.87036	0
15.35	1	3e-06	0.0239634	-1.00379	0	6.27485	0.0513145	0
15.4	1	3e-06	0.336539	-0.952291	0	5.92918	1.94215	0
15.45	1	3e-06	0.616881	-0.809574	0	5.02945	3.61215	0
15.5	1	3e-06	0.839484	-0.591076	0	3.68649	4.90903	0
15.55	1	3e-06	0.98553	-0.318671	0	2.04556	5.73118	0
15.6	1	3e-06	1.04404	-0.0179583	0	0.265091	6.02984	0
15.65	1	3e-06	1.01204	0.284313	0	-1.49991	5.80387	0
15.7	1	3e-06	0.894049	0.562429	0	-3.10867	5.09123	0
15.75	1	3e-06	0.701173	0.793436	0	-4.44048	3.96047	0
15.8	1	3e-06	0.450001	0.958476	0	-5.39756	2.5039	0
15.85	1	3e-06	0.161417	1.04383	0	-5.90687	0.832688	0
15.9	1	3e-06	-0.140686	1.04174	0	-5.92249	-0.926789	0
15.95	1	3e-06	-0.430833	0.951148	0	-5.42939	-2.63652	0
16	1	3e-06	-0.683625	0.778093	0	-4.4486	-4.15222	0
16.05	1	3e-06	-0.875692	0.535926	0	-3.04269	-5.33208	0
16.1	1	3e-06	-0.987894	0.244885	0	-1.31931	-6.05002	0
16.15	1	3e-06	-1.00762	-0.0690761	0	0.570638	-6.21303	0
16.2	1	3e-06	-0.930831	-0.376418	0	2.44338	-5.77983	0
16.25	1	3e-06	-0.763286	-0.647059	0	4.10272	-4.77548	0
16.3	1	3e-06	-0.520558	-0.853966	0	5.3681	-3.29568	0
16.35	1	3e-06	-0.226475	-0.976627	0	6.10349	-1.49671	0
16.4	1	3e-06	0.089791	-1.00364	0	6.23874	0.427942	0
16.45	1	3e-06	0.397399	-0.933833	0	5.77698	2.27779	0
16.5	1	3e-06	0.667489	-0.775858	0	4.78733	3.87379	0
16.55	1	3e-06	0.876132	-0.546455	0	3.38745	5.07798	0
16.6	1	3e-06	1.00623	-0.26806	0	1.7225	5.80222	0
16.65	1	3e-06	1.04838	0.0337676	0	-0.0536525	6.0077	0
16.7	1	3e-06	1.00087	0.33271	0	-1.79225	5.69896	0
16.75	1	3e-06	0.869157	0.603664	0	-3.35814	4.9163	0
16.8	1	3e-06	0.665054	0.824339	0	-4.63452	3.72873	0
16.85	1	3e-06	0.405705	0.976537	0	-5.5256	2.22882	0
16.9	1	3e-06	0.112494	1.04722	0	-5.95924	0.529039	0
16.95	1	3e-06	-0.190219	1.02944	0	-5.89058	-1.24122	0
17	1	3e-06	-0.476565	0.9231	0	-5.30735	-2.93942	0
17.05	1	3e-06	-0.720954	0.735499	0	-4.23645	-4.41646	0
17.1	1	3e-06	-0.900209	0.481453	0	-2.75002	-5.52748	0
17.15	1	3e-06	-0.995956	0.18275	0	-0.968205	-6.14776	0
17.2	1	3e-06	-0.99703	-0.133322	0	0.945265	-6.19215	0
17.25	1	3e-06	-0.90143	-0.436465	0	2.79751	-5.63409	0
17.3	1	3e-06	-0.717279	-0.696731	0	4.39098	-4.51765	0
17.35	1	3e-06	-0.462332	-0.88823	0	5.55337	-2.95695	0
17.4	1	3e-06	-0.161942	-0.992426	0	6.16502	-1.12063	0
17.45	1	3e-06	0.15417	-1.00029	0	6.1755	0.794872	0
17.5	1	3e-06	0.455609	-0.912939	0	5.60548	2.59537	0
17.55	1	3e-06	0.714717	-0.740756	0	4.53541	4.11403	0
17.6	1	3e-06	0.90915	-0.501536	0	3.08706	5.22665	0
17.65	1	3e-06	1.02342	-0.218091	0	1.40386	5.85679	0
17.7	1	3e-06	1.04954	0.0841429	0	-0.365231	5.97356	0
17.75	1	3e-06	0.9869	0.379264	0	-2.07695	5.58568	0
17.8	1	3e-06	0.841841	0.642711	0	-3.60056	4.73501	0
17.85	1	3e-06	0.626845	0.852765	0	-4.82181	3.49108	0
17.9	1	3e-06	0.35966	0.991819	0	-5.64599	1.94742	0
17.95	1	3e-06	0.0622456	1.04751	0	-6.00142	0.218992	0
18	1	3e-06	-0.240483	1.01372	0	-5.84465	-1.56051	0
18.05	1	3e-06	-0.522219	0.891456	0	-5.16733	-3.24306	0
18.1	1	3e-06	-0.757216	0.689413	0	-4.00398	-4.67445	0
18.15	1	3e-06	-0.922617	0.424011	0	-2.43823	-5.70772	0
18.2	1	3e-06	-1.00104	0.11864	0	-0.603957	-6.2217	0
18.25	1	3e-06	-0.983013	-0.198158	0	1.32257	-6.14202	0
18.3	1	3e-06	-0.868782	-0.495562	0	3.14153	-5.45927	0
18.35	1	3e-06	-0.66886	-0.744085	0	4.65751	-4.23729	0
18.4	1	3e-06	-0.403031	-0.919291	0	5.70988	-2.60704	0
18.45	1	3e-06	-0.0978718	-1.00479	0	6.19709	-0.746196	0
18.5	1	3e-06	0.216678	-0.99391	0	6.08789	1.14941	0
18.55	1	3e-06	0.510917	-0.889847	0	5.41806	2.8942	0
18.6	1	3e-06	0.758484	-0.70449	0	4.27653	4.33397	0
18.65	1	3e-06	0.93857	-0.45645	0	2.78688	5.35711	0
18.7	1	3e-06	1.03717	-0.168779	0	1.08978	5.89703	0
18.75	1	3e-06	1.04755	0.133252	0	-0.670537	5.92895	0
18.8	1	3e-06	0.970118	0.424116	0	-2.35537	5.46459	0
18.85	1	3e-06	0.812011	0.679711	0	-3.8371	4.54691	0
18.9	1	3e-06	0.586408	0.878807	0	-5.00288	3.24634	0
18.95	1	3e-06	0.311723	1.00435	0	-5.75825	1.65834	0
19	1	3e-06	0.0105827	1.04464	0	-6.03194	-0.0984072	0
19.05	1	3e-06	-0.291471	0.994504	0	-5.78257	-1.88462	0
19.1	1	3e-06	-0.567674	0.856179	0	-5.00721	-3.54597	0
19.15	1	3e-06	-0.792192	0.639907	0	-3.75	-4.92341	0
19.2	1	3e-06	-0.942674	0.363838	0	-2.10786	-5.86941	0
19.25	1	3e-06	-1.00298	0.0529661	0	-0.229112	-6.26899	0
19.3	1	3e-06	-0.965585	-0.263062	0	1.69854	-6.06153	0
19.35	1	3e-06	-0.833123	-0.553187	0	3.47128	-5.25667	0
19.4	1	3e-06	-0.618457	-0.788728	0	4.8995	-3.93777	0
19.45	1	3e-06	-0.343173	-0.946964	0	5.83713	-2.25016	0
19.5	1	3e-06	-0.0347438	-1.01374	0	6.20147	-0.376973	0
19.55	1	3e-06	0.276974	-0.984662	0	5.97897	1.4897	0
19.6	1	3e-06	0.563153	-0.864774	0	5.2179	3.17435	0
19.65	1	3e-06	0.798764	-0.667226	0	4.01296	4.53511	0
19.7	1	3e-06	0.964449	-0.411263	0	2.48782	5.47148	0
19.75	1	3e-06	1.04755	-0.120078	0	0.779939	5.92482	0
19.8	1	3e-06	1.04244	0.18122	0	-0.970698	5.87497	0
19.85	1	3e-06	0.950477	0.467419	0	-2.62883	5.33574	0
19.9	1	3e-06	0.77956	0.714794	0	-4.06869	4.35117	0
19.95	1	3e-06	0.543607	0.902536	0	-5.1778	2.99317	0
20	1	3e-06	0.261779	1.01411	0	-5.86143	1.36024	0
20.05	1	3e-06	-0.0425361	1.03856	0	-6.04889	-0.42379	0
20.1	1	3e-06	-0.34311	0.971731	0	-5.70201	-2.21292	0
20.15	1	3e-06	-0.612737	0.817268	0	-4.82506	-3.84609	0
20.2	1	3e-06	-0.825616	0.587122	0	-3.47392	-5.16015	0
20.25	1	3e-06	-0.960128	0.301253	0	-1.7603	-6.00914	0
20.3	1	3e-06	-1.00165	-0.0137913	0	0.153014	-6.28731	0
20.35	1	3e-06	-0.944827	-0.327478	0	2.06889	-5.95051	0
20.4	1	3e-06	-0.794757	-0.608843	0	3.78298	-5.02853	0
20.45	1	3e-06	-0.566529	-0.830331	0	5.11505	-3.62298	0
20.5	1	3e-06	-0.283252	-0.97114	0	5.93559	-1.89039	0
20.55	1	3e-06	0.0270294	-1.01937	0	6.18051	-0.0158581	0
20.6	1	3e-06	0.334799	-0.972726	0	5.85192	1.81471	0
20.65	1	3e-06	0.612222	-0.8379	0	5.00781	3.43654	0
20.7	1	3e-06	0.835579	-0.629072	0	3.74638	4.71926	0
20.75	1	3e-06	0.986859	-0.365975	0	2.19027	5.57177	0
20.8	1	3e-06	1.05461	-0.0718954	0	0.473634	5.9417	0
20.85	1	3e-06	1.03422	0.228195	0	-1.26696	5.81223	0
20.9	1	3e-06	0.92791	0.509327	0	-2.89853	5.19876	0
20.95	1	3e-06	0.74437	0.748071	0	-4.29594	4.14662	0
21	1	3e-06	0.498316	0.923989	0	-5.3462	2.73007	0
21.05	1	3e-06	0.20975	1.02108	0	-5.95407	1.05197	0
21.1	1	3e-06	-0.097091	1.02919	0	-6.05005	-0.757345	0
21.15	1	3e-06	-0.395254	0.945344	0	-5.60059	-2.54417	0
21.2	1	3e-06	-0.657151	0.77477	0	-4.61934	-4.1407	0
21.25	1	3e-06	-0.857188	0.531273	0	-3.1759	-5.38111	0
21.3	1	3e-06	-0.97474	0.236658	0	-1.39783	-6.12369	0
21.35	1	3e-06	-0.996971	-0.0810956	0	0.538498	-6.27508	0
21.4	1	3e-06	-0.92089	-0.39085	0	2.42931	-5.80982	0
21.45	1	3e-06	-0.75404	-0.662077	0	4.07348	-4.7779	0
21.5	1	3e-06	-0.513543	-0.86864	0	5.30319	-3.29698	0
21.55	1	3e-06	-0.223721	-0.991775	0	6.00655	-1.53138	0
21.6	1	3e-06	0.0871119	-1.02178	0	6.13698	0.335024	0
21.65	1	3e-06	0.389977	-0.958273	0	5.70978	2.12415	0
21.7	1	3e-06	0.65809	-0.809363	0	4.79009	3.68196	0
21.75	1	3e-06	0.868986	-0.590077	0	3.47789	4.88829	0
21.8	1	3e-06	1.00588	-0.320534	0	1.89409	5.65976	0
21.85	1	3e-06	1.05839	-0.0241004	0	0.169885	5.94875	0
21.9	1	3e-06	1.02287	0.274341	0	-1.56061	5.74086	0
21.95	1	3e-06	0.902334	0.549985	0	-3.16543	5.05285	0
22	1	3e-06	0.706324	0.779626	0	-4.51901	3.93185	0
22.05	1	3e-06	0.450433	0.943171	0	-5.50717	2.45557	0
22.1	1	3e-06	0.155606	1.02518	0	-6.03426	0.732663	0
22.15	1	3e-06	-0.152993	1.01644	0	-6.0329	-1.09871	0
22.2	1	3e-06	-0.447684	0.915313	0	-5.47609	-2.87644	0
22.25	1	3e-06	-0.700602	0.728793	0	-4.38905	-4.42657	0
22.3	1	3e-06	-0.886589	0.472656	0	-2.85697	-5.58264	0
22.35	1	3e-06	-0.986299	0.170529	0	-1.02354	-6.21033	0
22.4	1	3e-06	-0.988943	-0.148377	0	0.923043	-6.23166	0
22.45	1	3e-06	-0.893995	-0.452637	0	2.7758	-5.64125	0
22.5	1	3e-06	-0.711363	-0.712502	0	4.34047	-4.50835	0
22.55	1	3e-06	-0.459948	-0.903473	0	5.46393	-2.96377	0
22.6	1	3e-06	-0.16497	-1.00888	0	6.05198	-1.17616	0
22.65	1	3e-06	0.14525	-1.02109	0	6.07378	0.67434	0
22.7	1	3e-06	0.442408	-0.941445	0	5.55527	2.4184	0
22.75	1	3e-06	0.700778	-0.779249	0	4.56655	3.91211	0
22.8	1	3e-06	0.899063	-0.550233	0	3.20803	5.04406	0
22.85	1	3e-06	1.02158	-0.274843	0	1.59874	5.73696	0
22.9	1	3e-06	1.05894	0.0234631	0	-0.132468	5.94666	0
22.95	1	3e-06	1.00833	0.319823	0	-1.85284	5.66054	0
23	1	3e-06	0.873653	0.589517	0	-3.43023	4.89684	0
23.05	1	3e-06	0.665312	0.809507	0	-4.73764	3.70527	0
23.1	1	3e-06	0.399889	0.960044	0	-5.65933	2.16829	0
23.15	1	3e-06	0.0993783	1.02634	0	-6.09965	0.401846	0
23.2	1	3e-06	-0.210076	1.00023	0	-5.99483	-1.44686	0
23.25	1	3e-06	-0.500105	0.881651	0	-5.32656	-3.20711	0
23.3	1	3e-06	-0.742732	0.679518	0	-4.13395	-4.70002	0
23.35	1	3e-06	-0.9135	0.411649	0	-2.5191	-5.76121	0
23.4	1	3e-06	-0.994642	0.103397	0	-0.641229	-6.26704	0
23.45	1	3e-06	-0.977623	-0.215055	0	1.30227	-6.15742	0
23.5	1	3e-06	-0.864415	-0.512345	0	3.10493	-5.44746	0
23.55	1	3e-06	-0.66713	-0.759801	0	4.58259	-4.22377	0
23.6	1	3e-06	-0.406156	-0.934722	0	5.59814	-2.62702	0
23.65	1	3e-06	-0.107316	-1.0225	0	6.0743	-0.827079	0
23.7	1	3e-06	0.201274	-1.01743	0	5.99378	1.0015	0
23.75	1	3e-06	0.492062	-0.922353	0	5.39074	2.69835	0
23.8	1	3e-06	0.740347	-0.747595	0	4.33839	4.12868	0
23.85	1	3e-06	0.925901	-0.509486	0	2.93685	5.18827	0
23.9	1	3e-06	1.03403	-0.228768	0	1.30337	5.80448	0
23.95	1	3e-06	1.05624	0.0709628	0	-0.434665	5.93561	0
24	1	3e-06	0.990566	0.364793	0	-2.14469	5.5705	0
24.05	1	3e-06	0.84177	0.628013	0	-3.69322	4.72926	0
24.1	1	3e-06	0.621244	0.837719	0	-4.95104	3.46522	0
24.15	1	3e-06	0.346665	0.974534	0	-5.80076	1.86708	0
24.2	1	3e-06	0.0411685	1.02443	0	-6.1476	0.0596079	0
24.25	1	3e-06	-0.268095	0.980495	0	-5.93328	-1.80006	0
24.3	1	3e-06	-0.55216	0.844421	0	-5.15061	-3.53295	0
24.35	1	3e-06	-0.783156	0.6272	0	-3.85469	-4.95721	0
24.4	1	3e-06	-0.937628	0.348701	0	-2.1651	-5.9137	0
24.45	1	3e-06	-0.999666	0.0358302	0	-0.255115	-6.2927	0
24.5	1	3e-06	-0.96314	-0.280569	0	1.67201	-6.0537	0
24.55	1	3e-06	-0.832465	-0.56954	0	3.41405	-5.2317	0
24.6	1	3e-06	-0.621735	-0.803739	0	4.7994	-3.92802	0
24.65	1	3e-06	-0.352525	-0.962342	0	5.70738	-2.28987	0
24.7	1	3e-06	-0.0509969	-1.03273	0	6.07613	-0.485719	0
24.75	1	3e-06	0.255088	-1.01091	0	5.89961	1.31656	0
24.8	1	3e-06	0.538964	-0.901069	0	5.218	2.96522	0
24.85	1	3e-06	0.776888	-0.714392	0	4.10631	4.33333	0
24.9	1	3e-06	0.949595	-0.467736	0	2.66396	5.32237	0
24.95	1	3e-06	1.04328	-0.182155	0	1.00691	5.86303	0
25	1	3e-06	1.05029	0.118566	0	-0.737934	5.91533	0
25.05	1	3e-06	0.969491	0.409379	0	-2.43696	5.46956	0
25.1	1	3e-06	0.806591	0.665523	0	-3.95427	4.5484	0
25.15	1	3e-06	0.574064	0.864218	0	-5.1579	3.21008	0
25.2	1	3e-06	0.290801	0.98653	0	-5.92907	1.55119	0
25.25	1	3e-06	-0.0188426	1.01934	0	-6.17528	-0.293306	0
25.3	1	3e-06	-0.326727	0.9572	0	-5.84596	-2.15584	0
25.35	1	3e-06	-0.603439	0.803753	0	-4.94758	-3.85024	0
25.4	1	3e-06	-0.821485	0.572176	0	-3.55283	-5.19432	0
25.45	1	3e-06	-0.958722	0.284321	0	-1.79855	-6.03765	0
25.5	1	3e-06	-1.00134	-0.0315894	0	0.130408	-6.28717	0
25.55	1	3e-06	-0.945681	-0.344396	0	2.02861	-5.92272	0
25.6	1	3e-06	-0.798479	-0.623862	0	3.7014	-4.99758	0
25.65	1	3e-06	-0.575541	-0.844154	0	4.99134	-3.62473	0
25.7	1	3e-06	-0.299345	-0.986335	0	5.79369	-1.95481	0
25.75	1	3e-06	0.00382827	-1.03964	0	6.06014	-0.152955	0
25.8	1	3e-06	0.306669	-1.00163	0	5.79356	1.6201	0
25.85	1	3e-06	0.583185	-0.877625	0	5.0384	3.22046	0
25.9	1	3e-06	0.810509	-0.679584	0	3.8705	4.52768	0
25.95	1	3e-06	0.970235	-0.424857	0	2.38861	5.44748	0
26	1	3e-06	1.04937	-0.134836	0	0.708123	5.91284	0
26.05	1	3e-06	1.04105	0.166427	0	-1.0434	5.8851	0
26.1	1	3e-06	0.945031	0.453674	0	-2.73009	5.35621	0
26.15	1	3e-06	0.768038	0.702048	0	-4.21274	4.35242	0
26.2	1	3e-06	0.523757	0.888916	0	-5.35633	2.93844	0
26.25	1	3e-06	0.232405	0.995892	0	-6.04149	1.22039	0
26.3	1	3e-06	-0.0803924	1.01095	0	-6.17983	-0.655402	0
26.35	1	3e-06	-0.385578	0.930352	0	-5.73107	-2.51105	0
26.4	1	3e-06	-0.653499	0.75985	0	-4.71767	-4.15498	0
26.45	1	3e-06	-0.857344	0.514854	0	-3.23089	-5.40791	0
26.5	1	3e-06	-0.976588	0.219059	0	-1.42354	-6.13148	0
26.55	1	3e-06	-0.999699	-0.0982942	0	0.511085	-6.25133	0
26.6	1	3e-06	-0.925479	-0.406074	0	2.36912	-5.76738	0
26.65	1	3e-06	-0.762786	-0.675032	0	3.96615	-4.74881	0
26.7	1	3e-06	-0.528864	-0.880955	0	5.15956	-3.31708	0
26.75	1	3e-06	-0.24683	-1.00674	0	5.85942	-1.62365	0
26.8	1	3e-06	0.057078	-1.04332	0	6.02883	0.170984	0
26.85	1	3e-06	0.356053	-0.989642	0	5.6775	1.9131	0
26.9	1	3e-06	0.624828	-0.85201	0	4.85271	3.4656	0
26.95	1	3e-06	0.841324	-0.643082	0	3.63068	4.71311	0
27	1	3e-06	0.987896	-0.3807	0	2.10978	5.56433	0
27.05	1	3e-06	1.0523	-0.0866488	0	0.405749	5.95372	0
27.1	1	3e-06	1.02847	0.214672	0	-1.35198	5.84373	0
27.15	1	3e-06	0.917104	0.497724	0	-3.02412	5.22863	0
27.2	1	3e-06	0.726058	0.737535	0	-4.46741	4.13949	0
27.25	1	3e-06	0.470363	0.911673	0	-5.54394	2.64922	0
27.3	1	3e-06	0.171664	1.00246	0	-6.135	0.875119	0
27.35	1	3e-06	-0.143137	0.999185	0	-6.1586	-1.0244	0
27.4	1	3e-06	-0.444195	0.900017	0	-5.58748	-2.86196	0
27.45	1	3e-06	-0.701885	0.712989	0	-4.46205	-4.44314	0
27.5	1	3e-06	-0.890401	0.455703	0	-2.89217	-5.5951	0
27.55	1	3e-06	-0.991102	0.153479	0	-1.04442	-6.19456	0
27.6	1	3e-06	-0.994843	-0.163754	0	0.883091	-6.18696	0
27.65	1	3e-06	-0.902793	-0.465216	0	2.69146	-5.59098	0
27.7	1	3e-06	-0.725697	-0.722852	0	4.20833	-4.48892	0
27.75	1	3e-06	-0.48196	-0.914109	0	5.30576	-3.00768	0
27.8	1	3e-06	-0.195121	-1.02362	0	5.90699	-1.2975	0
27.85	1	3e-06	0.108739	-1.04386	0	5.98441	0.486404	0
27.9	1	3e-06	0.40332	-0.97498	0	5.55279	2.19678	0
27.95	1	3e-06	0.664018	-0.82418	0	4.66125	3.70212	0
28	1	3e-06	0.869445	-0.604768	0	3.3862	4.89074	0
28.05	1	3e-06	1.00264	-0.335106	0	1.82626	5.67324	0
28.1	1	3e-06	1.05207	-0.037444	0	0.0985673	5.98496	0
28.15	1	3e-06	1.0125	0.26339	0	-1.66429	5.78966	0
28.2	1	3e-06	0.885641	0.541522	0	-3.31857	5.08481	0
28.25	1	3e-06	0.680638	0.771871	0	-4.71651	3.9079	0
28.3	1	3e-06	0.41399	0.932312	0	-5.71789	2.34187	0
28.35	1	3e-06	0.108849	1.00606	0	-6.20647	0.51658	0
28.4	1	3e-06	-0.206656	0.98397	0	-6.10937	-1.39727	0
28.45	1	3e-06	-0.502088	0.86633	0	-5.41497	-3.20447	0
28.5	1	3e-06	-0.748153	0.663523	0	-4.18286	-4.71096	0
28.55	1	3e-06	-0.920374	0.395234	0	-2.54056	-5.75385	0
28.6	1	3e-06	-1.00221	0.0881376	0	-0.665457	-6.2273	0
28.65	1	3e-06	-0.98692	-0.227496	0	1.24325	-6.09654	0
28.7	1	3e-06	-0.877884	-0.521517	0	2.99441	-5.39702	0
28.75	1	3e-06	-0.687479	-0.767197	0	4.42869	-4.22108	0
28.8	1	3e-06	-0.435015	-0.943625	0	5.43196	-2.69849	0
28.85	1	3e-06	-0.144283	-1.03705	0	5.93873	-0.976841	0
28.9	1	3e-06	0.158858	-1.04131	0	5.92873	0.794034	0
28.95	1	3e-06	0.44859	-0.957643	0	5.42033	2.47251	0
29	1	3e-06	0.700891	-0.794058	0	4.46383	3.93137	0
29.05	1	3e-06	0.894973	-0.564507	0	3.13608	5.06136	0
29.1	1	3e-06	1.0145	-0.287922	0	1.53671	5.77406	0
29.15	1	3e-06	1.04864	0.0128991	0	-0.214491	6.00542	0
29.2	1	3e-06	0.99305	0.31262	0	-1.98057	5.72098	0
29.25	1	3e-06	0.850588	0.584997	0	-3.61239	4.92269	0
29.3	1	3e-06	0.63181	0.804889	0	-4.95765	3.65625	0
29.35	1	3e-06	0.354823	0.950622	0	-5.87497	2.01647	0
29.4	1	3e-06	0.0443127	1.00654	0	-6.25292	0.146809	0
29.45	1	3e-06	-0.270469	0.965303	0	-6.0306	-1.77035	0
29.5	1	3e-06	-0.558747	0.8295	0	-5.21425	-3.53439	0
29.55	1	3e-06	-0.791894	0.611864	0	-3.88308	-4.9552	0
29.6	1	3e-06	-0.947055	0.33398	0	-2.18029	-5.8831	0
29.65	1	3e-06	-1.00992	0.0235543	0	-0.290578	-6.23101	0
29.7	1	3e-06	-0.976113	-0.289121	0	1.58917	-5.98306	0
29.75	1	3e-06	-0.851006	-0.574752	0	3.27763	-5.18886	0
29.8	1	3e-06	-0.64835	-0.808008	0	4.62857	-3.94796	0
29.85	1	3e-06	-0.388149	-0.969548	0	5.54033	-2.39084	0
29.9	1	3e-06	-0.0943174	-1.04709	0	5.95677	-0.661618	0
29.95	1	3e-06	0.207528	-1.03571	0	5.86319	1.0949	0
30	1	3e-06	0.492001	-0.937601	0	5.28049	2.74168	0
30.05	1	3e-06	0.735577	-0.761542	0	4.25989	4.15447	0
30.1	1	3e-06	0.917991	-0.522154	0	2.8791	5.22533	0
30.15	1	3e-06	1.02349	-0.239009	0	1.23982	5.86615	0
30.2	1	3e-06	1.04197	0.0644608	0	-0.534238	6.0135	0
30.25	1	3e-06	0.970063	0.362342	0	-2.30053	5.63554	0
30.3	1	3e-06	0.81192	0.628015	0	-3.90392	4.74026	0
30.35	1	3e-06	0.579672	0.836368	0	-5.18796	3.38361	0
30.4	1	3e-06	0.293125	0.966376	0	-6.01185	1.6739	0
30.45	1	3e-06	-0.0215137	1.00376	0	-6.27173	-0.231348	0
30.5	1	3e-06	-0.334049	0.943241	0	-5.92156	-2.13951	0
30.55	1	3e-06	-0.61367	0.789807	0	-4.98705	-3.8477	0
30.6	1	3e-06	-0.832753	0.55847	0	-3.56634	-5.17343	0
30.65	1	3e-06	-0.970304	0.272464	0	-1.81557	-5.98275	0
30.7	1	3e-06	-1.01431	-0.0398042	0	0.0768591	-6.20776	0
30.75	1	3e-06	-0.962618	-0.348312	0	1.91933	-5.84974	0
30.8	1	3e-06	-0.822378	-0.624778	0	3.54148	-4.96964	0
30.85	1	3e-06	-0.60847	-0.845276	0	4.80966	-3.67163	0
30.9	1	3e-06	-0.341412	-0.991941	0	5.63303	-2.08541	0
30.95	1	3e-06	-0.0451674	-1.05382	0	5.96292	-0.351325	0
31	1	3e-06	0.25488	-1.02707	0	5.78874	1.39022	0
31.05	1	3e-06	0.533706	-0.914795	0	5.13319	3.00558	0
31.1	1	3e-06	0.768199	-0.726515	0	4.04848	4.37225	0
31.15	1	3e-06	0.938554	-0.47757	0	2.61388	5.3826	0
31.2	1	3e-06	1.02959	-0.188256	0	0.934352	5.94839	0
31.25	1	3e-06	1.03199	0.117269	0	-0.861121	6.00722	0
31.3	1	3e-06	0.943475	0.412467	0	-2.62332	5.53104	0
31.35	1	3e-06	0.769657	0.670373	0	-4.19085	4.53581	0
31.4	1	3e-06	0.52439	0.866047	0	-5.40412	3.08971	0
31.45	1	3e-06	0.229245	0.979344	0	-6.12523	1.31591	0
31.5	1	3e-06	-0.0881328	0.997638	0	-6.26091	-0.614337	0
31.55	1	3e-06	-0.396846	0.91791	0	-5.78253	-2.50045	0
31.6	1	3e-06	-0.666386	0.747593	0	-4.73597	-4.14087	0
31.65	1	3e-06	-0.870443	0.503823	0	-3.23667	-5.36411	0
31.7	1	3e-06	-0.990053	0.211182	0	-1.45038	-6.05365	0
31.75	1	3e-06	-1.01548	-0.101542	0	0.434234	-6.16017	0
31.8	1	3e-06	-0.946629	-0.404835	0	2.23301	-5.69977	0
31.85	1	3e-06	-0.792181	-0.671519	0	3.78695	-4.74202	0
31.9	1	3e-06	-0.567935	-0.879037	0	4.97388	-3.39358	0
31.95	1	3e-06	-0.294792	-1.01088	0	5.71205	-1.78238	0
32	1	3e-06	0.00327034	-1.05727	0	5.95857	-0.0451191	0
32.05	1	3e-06	0.301065	-1.01539	0	5.70583	1.68129	0
32.1	1	3e-06	0.573853	-0.889146	0	4.97792	3.26536	0
32.15	1	3e-06	0.798857	-0.688853	0	3.82836	4.58516	0
32.2	1	3e-06	0.956689	-0.43063	0	2.33896	5.53259	0
32.25	1	3e-06	1.03275	-0.135594	0	0.619275	6.01919	0
32.3	1	3e-06	1.01862	0.17129	0	-1.1951	5.98428	0
32.35	1	3e-06	0.913243	0.462835	0	-2.94745	5.40521	0
32.4	1	3e-06	0.723872	0.711811	0	-4.47032	4.30801	0
32.45	1	3e-06	0.466211	0.893636	0	-5.60259	2.77506	0
32.5	1	3e-06	0.163613	0.989317	0	-6.2121	0.945099	0
32.55	1	3e-06	-0.154998	0.988146	0	-6.21928	-0.998078	0
32.6	1	3e-06	-0.458315	0.889509	0	-5.61477	-2.84897	0
32.65	1	3e-06	-0.716476	0.703249	0	-4.46434	-4.41107	0
32.7	1	3e-06	-0.904748	0.448402	0	-2.89819	-5.5267	0
32.75	1	3e-06	-1.00629	0.150579	0	-1.0882	-6.09746	0
32.8	1	3e-06	-1.01357	-0.161344	0	0.779724	-6.09115	0
32.85	1	3e-06	-0.928322	-0.458536	0	2.53023	-5.53616	0
32.9	1	3e-06	-0.760545	-0.714961	0	4.01542	-4.50817	0
32.95	1	3e-06	-0.526781	-0.909353	0	5.12319	-3.1147	0
33	1	3e-06	-0.248226	-1.02643	0	5.77914	-1.48143	0
33.05	1	3e-06	0.0511336	-1.0575	0	5.94471	0.25808	0
33.1	1	3e-06	0.346246	-1.00062	0	5.61444	1.96937	0
33.15	1	3e-06	0.612578	-0.860559	0	4.81376	3.5219	0
33.2	1	3e-06	0.827622	-0.648433	0	3.59808	4.79323	0
33.25	1	3e-06	0.972386	-0.381236	0	2.05294	5.67426	0
33.3	1	3e-06	1.03292	-0.0810064	0	0.293897	6.07652	0
33.35	1	3e-06	1.00178	0.226417	0	-1.53556	5.9422	0
33.4	1	3e-06	0.879359	0.513213	0	-3.27074	5.25598	0
33.45	1	3e-06	0.674702	0.752015	0	-4.73893	4.05622	0
33.5	1	3e-06	0.405465	0.918835	0	-5.77979	2.44106	0
33.55	1	3e-06	0.0967226	0.996121	0	-6.27004	0.564846	0
33.6	1	3e-06	-0.221539	0.97532	0	-6.14661	-1.37822	0
33.65	1	3e-06	-0.517938	0.8583	0	-5.42048	-3.18126	0
33.7	1	3e-06	-0.763587	0.657194	0	-4.17592	-4.65637	0
33.75	1	3e-06	-0.935531	0.392662	0	-2.55485	-5.6616	0
33.8	1	3e-06	-1.01907	0.0910338	0	-0.731818	-6.1164	0
33.85	1	3e-06	-1.00871	-0.218978	0	1.1123	-6.0037	0
33.9	1	3e-06	-0.907841	-0.509337	0	2.81163	-5.36158	0
33.95	1	3e-06	-0.727549	-0.755135	0	4.22854	-4.26968	0
34	1	3e-06	-0.484988	-0.936304	0	5.25946	-2.83532	0
34.05	1	3e-06	-0.201603	-1.03867	0	5.8357	-1.18189	0
34.1	1	3e-06	0.098582	-1.05449	0	5.92186	0.559484	0
34.15	1	3e-06	0.390583	-0.982719	0	5.51412	2.25563	0
34.2	1	3e-06	0.649994	-0.82893	0	4.63944	3.77573	0
34.25	1	3e-06	0.854527	-0.605145	0	3.35605	4.99601	0
34.3	1	3e-06	0.985599	-0.32933	0	1.75454	5.80604	0
34.35	1	3e-06	1.02998	-0.0245408	0	-0.0420125	6.11798	0
34.4	1	3e-06	0.981398	0.282468	0	-1.88122	5.87842	0
34.45	1	3e-06	0.84186	0.563301	0	-3.59036	5.08166	0
34.5	1	3e-06	0.622362	0.790634	0	-4.993	3.78053	0
34.55	1	3e-06	0.342559	0.941355	0	-5.93239	2.09004	0
34.6	1	3e-06	0.0291229	0.999638	0	-6.29741	0.179129	0
34.65	1	3e-06	-0.287182	0.959267	0	-6.0437	-1.75043	0
34.7	1	3e-06	-0.575247	0.824595	0	-5.20261	-3.49418	0
34.75	1	3e-06	-0.807443	0.609849	0	-3.8747	-4.87579	0
34.8	1	3e-06	-0.962717	0.337015	0	-2.21017	-5.77002	0
34.85	1	3e-06	-1.02846	0.0328469	0	-0.383305	-6.11307	0
34.9	1	3e-06	-1.00105	-0.274292	0	1.43167	-5.90068	0
34.95	1	3e-06	-0.885293	-0.557221	0	3.0783	-5.17819	0
35	1	3e-06	-0.693218	-0.792111	0	4.42806	-4.02758	0
35.05	1	3e-06	-0.442487	-0.959979	0	5.38434	-2.55532	0
35.1	1	3e-06	-0.154784	-1.04764	0	5.88271	-0.882792	0
35.15	1	3e-06	0.145784	-1.04826	0	5.89006	0.860343	0
35.2	1	3e-06	0.434222	-0.961608	0	5.40397	2.54101	0
35.25	1	3e-06	0.686181	-0.794158	0	4.45345	4.02702	0
35.3	1	3e-06	0.879566	-0.558905	0	3.10068	5.19252	0
35.35	1	3e-06	0.996248	-0.274905	0	1.44282	5.92588	0
35.4	1	3e-06	1.02385	0.0336827	0	-0.388106	6.14088	0
35.45	1	3e-06	0.957438	0.339183	0	-2.23006	5.79055	0
35.5	1	3e-06	0.800843	0.612737	0	-3.90293	4.88117	0
35.55	1	3e-06	0.567145	0.8273	0	-5.22872	3.48199	0
35.6	1	3e-06	0.277971	0.960936	0	-6.05754	1.72511	0
35.65	1	3e-06	-0.0386095	0.999811	0	-6.2935	-0.207725	0
35.7	1	3e-06	-0.351379	0.940163	0	-5.9123	-2.11072	0
35.75	1	3e-06	-0.62984	0.788739	0	-4.96465	-3.78544	0
35.8	1	3e-06	-0.847844	0.56162	0	-3.56452	-5.06929	0
35.85	1	3e-06	-0.986292	0.28181	0	-1.8671	-5.8538	0
35.9	1	3e-06	-1.03455	-0.0237607	0	-0.0439649	-6.09021	0
35.95	1	3e-06	-0.990688	-0.327211	0	1.73813	-5.78466	0
36	1	3e-06	-0.860742	-0.602227	0	3.33161	-4.98768	0
36.05	1	3e-06	-0.657527	-0.825979	0	4.6157	-3.78238	0
36.1	1	3e-06	-0.399171	-0.980465	0	5.49919	-2.27415	0
36.15	1	3e-06	-0.107608	-1.05339	0	5.92076	-0.582995	0
36.2	1	3e-06	0.192904	-1.03876	0	5.84889	1.16185	0
36.25	1	3e-06	0.477281	-0.937209	0	5.2827	2.82619	0
36.3	1	3e-06	0.721175	-0.756146	0	4.25406	4.27545	0
36.35	1	3e-06	0.902687	-0.509665	0	2.83046	5.38127	0
36.4	1	3e-06	1.00422	-0.218019	0	1.11725	6.03129	0
36.45	1	3e-06	1.01441	0.0934642	0	-0.743347	6.14244	0
36.5	1	3e-06	0.929886	0.396225	0	-2.57937	5.67651	0
36.55	1	3e-06	0.756474	0.661115	0	-4.20464	4.65421	0
36.6	1	3e-06	0.509422	0.861646	0	-5.44243	3.16254	0
36.65	1	3e-06	0.212232	0.977369	0	-6.15315	1.35011	0
36.7	1	3e-06	-0.105893	0.996657	0	-6.25862	-0.591335	0
36.75	1	3e-06	-0.41363	0.918235	0	-5.75498	-2.45568	0
36.8	1	3e-06	-0.681391	0.751089	0	-4.71035	-4.05364	0
36.85	1	3e-06	-0.884665	0.512872	0	-3.24892	-5.23765	0
36.9	1	3e-06	-1.00628	0.227324	0	-1.52789	-5.91521	0
36.95	1	3e-06	-1.03745	-0.078649	0	0.285604	-6.05051	0
37	1	3e-06	-0.977723	-0.377727	0	2.03248	-5.65783	0
37.05	1	3e-06	-0.834206	-0.644432	0	3.57311	-4.7912	0
37.1	1	3e-06	-0.620412	-0.856847	0	4.79304	-3.53409	0
37.15	1	3e-06	-0.354902	-0.997841	0	5.60505	-1.99096	0
37.2	1	3e-06	-0.0599067	-1.05594	0	5.94993	-0.281253	0
37.25	1	3e-06	0.240091	-1.02597	0	5.79747	1.46505	0
37.3	1	3e-06	0.519841	-0.909438	0	5.14873	3.11145	0
37.35	1	3e-06	0.754964	-0.714821	0	4.03949	4.52015	0
37.4	1	3e-06	0.923789	-0.457422	0	2.54415	5.56022	0
37.45	1	3e-06	1.00938	-0.1588	0	0.777862	6.11944	0
37.5	1	3e-06	1.00158	0.154522	0	-1.10595	6.11993	0
37.55	1	3e-06	0.898784	0.453194	0	-2.92579	5.5348	0
37.6	1	3e-06	0.708997	0.708002	0	-4.49149	4.40139	0
37.65	1	3e-06	0.449635	0.893333	0	-5.63092	2.82504	0
37.7	1	3e-06	0.145905	0.990507	0	-6.21804	0.969248	0
37.75	1	3e-06	-0.172169	0.990257	0	-6.19406	-0.96757	0
37.8	1	3e-06	-0.473501	0.89375	0	-5.57487	-2.78268	0
37.85	1	3e-06	-0.729657	0.71199	0	-4.44341	-4.29833	0
37.9	1	3e-06	-0.917842	0.463917	0	-2.9309	-5.38231	0
37.95	1	3e-06	-1.02275	0.173758	0	-1.19407	-5.95669	0
38	1	3e-06	-1.03725	-0.131753	0	0.605419	-5.99643	0
38.05	1	3e-06	-0.962205	-0.425885	0	2.31584	-5.5219	0
38.1	1	3e-06	-0.805664	-0.683943	0	3.80437	-4.58936	0
38.15	1	3e-06	-0.581768	-0.884821	0	4.9614	-3.28228	0
38.2	1	3e-06	-0.309524	-1.01217	0	5.70251	-1.70465	0
38.25	1	3e-06	-0.0115173	-1.05529	0	5.96986	0.0236783	0
38.3	1	3e-06	0.287462	-1.0098	0	5.73454	1.77075	0
38.35	1	3e-06	0.561936	-0.878212	0	5.00021	3.39663	0
38.4	1	3e-06	0.787483	-0.67014	0	3.80798	4.75974	0
38.45	1	3e-06	0.942735	-0.402238	0	2.2409	5.72683	0
38.5	1	3e-06	1.01157	-0.0974569	0	0.425409	6.18733	0
38.55	1	3e-06	0.985276	0.216496	0	-1.47335	6.07092	0
38.6	1	3e-06	0.864237	0.509635	0	-3.26547	5.36469	0
38.65	1	3e-06	0.658728	0.752964	0	-4.75957	4.12428	0
38.7	1	3e-06	0.38828	0.922063	0	-5.79166	2.47307	0
38.75	1	3e-06	0.0795623	1.00027	0	-6.25202	0.586908	0
38.8	1	3e-06	-0.236922	0.980753	0	-6.10194	-1.33282	0
38.85	1	3e-06	-0.530632	0.86699	0	-5.37546	-3.08998	0
38.9	1	3e-06	-0.774468	0.671756	0	-4.16733	-4.51989	0
38.95	1	3e-06	-0.947365	0.415001	0	-2.61287	-5.50519	0
39	1	3e-06	-1.03576	0.121236	0	-0.866502	-5.98074	0
39.05	1	3e-06	-1.03402	-0.183073	0	0.915996	-5.93012	0
39.1	1	3e-06	-0.944156	-0.471776	0	2.58957	-5.3781	0
39.15	1	3e-06	-0.775059	-0.720883	0	4.02687	-4.3823	0
39.2	1	3e-06	-0.541469	-0.910006	0	5.12182	-3.02618	0
39.25	1	3e-06	-0.262877	-1.0235	0	5.79173	-1.41398	0
39.3	1	3e-06	0.0377041	-1.0514	0	5.97972	0.332951	0
39.35	1	3e-06	0.335096	-0.990206	0	5.65841	2.0794	0
39.4	1	3e-06	0.603545	-0.843463	0	4.83515	3.68105	0
39.45	1	3e-06	0.818611	-0.622101	0	3.55801	4.99222	0
39.5	1	3e-06	0.959346	-0.344241	0	1.92042	5.87817	0
39.55	1	3e-06	1.01065	-0.0342837	0	0.0614151	6.23194	0
39.6	1	3e-06	0.965488	0.278952	0	-1.84229	5.99347	0
39.65	1	3e-06	0.826424	0.565063	0	-3.5943	5.16633	0
39.7	1	3e-06	0.606058	0.795585	0	-5.00534	3.82538	0
39.75	1	3e-06	0.32589	0.947601	0	-5.92302	2.1107	0
39.8	1	3e-06	0.0137563	1.00666	0	-6.25591	0.207283	0
39.85	1	3e-06	-0.299701	0.968329	0	-5.98505	-1.68418	0
39.9	1	3e-06	-0.584749	0.838237	0	-5.16028	-3.37674	0
39.95	1	3e-06	-0.815729	0.630656	0	-3.88514	-4.71936	0
40	1	3e-06	-0.973263	0.366302	0	-2.29656	-5.60846	0
40.05	1	3e-06	-1.04539	0.0698094	0	-0.545438	-5.98969	0
40.1	1	3e-06	-1.02781	-0.232667	0	1.21823	-5.8533	0
40.15	1	3e-06	-0.923562	-0.515521	0	2.85508	-5.22714	0
40.2	1	3e-06	-0.742299	-0.755382	0	4.24192	-4.1697	0
40.25	1	3e-06	-0.49937	-0.932491	0	5.27495	-2.76474	0
40.3	1	3e-06	-0.214804	-1.03186	0	5.87241	-1.11762	0
40.35	1	3e-06	0.0878706	-1.04425	0	5.97822	0.647523	0
40.4	1	3e-06	0.383017	-0.967103	0	5.56715	2.39104	0
40.45	1	3e-06	0.644585	-0.805148	0	4.65158	3.96344	0
40.5	1	3e-06	0.848176	-0.570759	0	3.28837	5.21507	0
40.55	1	3e-06	0.973423	-0.283641	0	1.58313	6.01105	0
40.6	1	3e-06	1.00649	0.0303452	0	-0.311776	6.25045	0
40.65	1	3e-06	0.942245	0.341404	0	-2.20892	5.8864	0
40.7	1	3e-06	0.785596	0.618985	0	-3.90813	4.94087	0
40.75	1	3e-06	0.551432	0.835491	0	-5.22588	3.50798	0
40.8	1	3e-06	0.263008	0.969783	0	-6.02433	1.74222	0
40.85	1	3e-06	-0.0510012	1.00971	0	-6.2314	-0.165871	0
40.9	1	3e-06	-0.360132	0.953195	0	-5.84654	-2.01961	0
40.95	1	3e-06	-0.635656	0.807752	0	-4.9327	-3.64293	0
41	1	3e-06	-0.853402	0.588902	0	-3.59933	-4.8983	0
41.05	1	3e-06	-0.995589	0.317922	0	-1.98304	-5.69438	0
41.1	1	3e-06	-1.05171	0.0194647	0	-0.230609	-5.9856	0
41.15	1	3e-06	-1.01865	-0.280638	0	1.51326	-5.76724	0
41.2	1	3e-06	-0.900379	-0.55726	0	3.11376	-5.06926	0
41.25	1	3e-06	-0.707274	-0.787563	0	4.45055	-3.95085	0
41.3	1	3e-06	-0.455324	-0.952345	0	5.42101	-2.49668	0
41.35	1	3e-06	-0.165173	-1.03723	0	5.94376	-0.814302	0
41.4	1	3e-06	0.139052	-1.03377	0	5.96365	0.968051	0
41.45	1	3e-06	0.431192	-0.940426	0	5.45858	2.70517	0
41.5	1	3e-06	0.68491	-0.763258	0	4.44764	4.24191	0
41.55	1	3e-06	0.875957	-0.516235	0	2.99843	5.42528	0
41.6	1	3e-06	0.984754	-0.22073	0	1.23025	6.12216	0
41.65	1	3e-06	0.998981	0.0959805	0	-0.691048	6.24053	0
41.7	1	3e-06	0.915649	0.403323	0	-2.56907	5.74939	0
41.75	1	3e-06	0.742074	0.67092	0	-4.20315	4.69043	0
41.8	1	3e-06	0.495334	0.872366	0	-5.4191	3.17593	0
41.85	1	3e-06	0.200164	0.988513	0	-6.09593	1.37183	0
41.9	1	3e-06	-0.11426	1.00955	0	-6.18085	-0.529449	0
41.95	1	3e-06	-0.417921	0.935568	0	-5.68974	-2.3379	0
42	1	3e-06	-0.683234	0.775758	0	-4.69574	-3.88923	0
42.05	1	3e-06	-0.887496	0.546645	0	-3.31177	-5.05859	0
42.1	1	3e-06	-1.01441	0.2699	0	-1.67279	-5.76511	0
42.15	1	3e-06	-1.05477	-0.0298665	0	0.0786577	-5.97018	0
42.2	1	3e-06	-1.00655	-0.327119	0	1.80239	-5.67273	0
42.25	1	3e-06	-0.874536	-0.597139	0	3.3669	-4.9042	0
42.3	1	3e-06	-0.669855	-0.817539	0	4.65347	-3.72471	0
42.35	1	3e-06	-0.409189	-0.96961	0	5.55977	-2.2206	0
42.4	1	3e-06	-0.113878	-1.0396	0	6.00452	-0.5029	0
42.45	1	3e-06	0.191263	-1.0199	0	5.93397	1.29478	0
42.5	1	3e-06	0.479519	-0.910121	0	5.33049	3.0207	0
42.55	1	3e-06	0.724312	-0.717831	0	4.2218	4.51397	0
42.6	1	3e-06	0.901699	-0.458724	0	2.68824	5.61948	0
42.65	1	3e-06	0.993136	-0.155882	0	0.863849	6.20837	0
42.7	1	3e-06	0.988084	0.162112	0	-1.07264	6.20054	0
42.75	1	3e-06	0.885872	0.464172	0	-2.91845	5.58315	0
42.8	1	3e-06	0.696239	0.720427	0	-4.47609	4.41793	0
42.85	1	3e-06	0.438263	0.905965	0	-5.58391	2.83338	0
42.9	1	3e-06	0.137849	1.00376	0	-6.13906	1.00335	0
42.95	1	3e-06	-0.175643	1.0063	0	-6.1071	-0.881124	0
43	1	3e-06	-0.472862	0.915653	0	-5.51786	-2.63867	0
43.05	1	3e-06	-0.727429	0.742433	0	-4.45194	-4.11685	0
43.1	1	3e-06	-0.918055	0.503967	0	-3.02373	-5.20224	0
43.15	1	3e-06	-1.0298	0.222209	0	-1.36577	-5.82263	0
43.2	1	3e-06	-1.05463	-0.078296	0	0.383333	-5.94473	0
43.25	1	3e-06	-0.991469	-0.372264	0	2.08692	-5.57007	0
43.3	1	3e-06	-0.84594	-0.635303	0	3.61555	-4.73133	0
43.35	1	3e-06	-0.629914	-0.845396	0	4.85099	-3.48999	0
43.4	1	3e-06	-0.360841	-0.984301	0	5.69053	-1.93512	0
43.45	1	3e-06	-0.0608612	-1.03891	0	6.05295	-0.182536	0
43.5	1	3e-06	0.244454	-1.00255	0	5.88685	1.62745	0
43.55	1	3e-06	0.527823	-0.876163	0	5.18071	3.33589	0
43.6	1	3e-06	0.762525	-0.668966	0	3.97304	4.77659	0
43.65	1	3e-06	0.925127	-0.398504	0	2.35867	5.79417	0
43.7	1	3e-06	0.998392	-0.0895493	0	0.486846	6.26693	0
43.75	1	3e-06	0.973812	0.228189	0	-1.45235	6.12969	0
43.8	1	3e-06	0.853157	0.523419	0	-3.25299	5.38935	0
43.85	1	3e-06	0.648513	0.767124	0	-4.72447	4.12697	0
43.9	1	3e-06	0.38071	0.936116	0	-5.72015	2.48445	0
43.95	1	3e-06	0.0764973	1.01557	0	-6.15567	0.640058	0
44	1	3e-06	-0.234857	1.00012	0	-6.0132	-1.21939	0
44.05	1	3e-06	-0.524823	0.89363	0	-5.33385	-2.92223	0
44.1	1	3e-06	-0.768242	0.7079	0	-4.20326	-4.32737	0
44.15	1	3e-06	-0.945149	0.460893	0	-2.73588	-5.33125	0
44.2	1	3e-06	-1.04183	0.174775	0	-1.0615	-5.86861	0
44.25	1	3e-06	-1.0513	-0.125967	0	0.684579	-5.91007	0
44.3	1	3e-06	-0.973372	-0.416233	0	2.3681	-5.45909	0
44.35	1	3e-06	-0.814488	-0.671876	0	3.86048	-4.54961	0
44.4	1	3e-06	-0.587324	-0.871194	0	5.04297	-3.2452	0
44.45	1	3e-06	-0.310191	-0.996396	0	5.81204	-1.63889	0
44.5	1	3e-06	-0.00611952	-1.03508	0	6.08694	0.147286	0
44.55	1	3e-06	0.298503	-0.981667	0	5.81982	1.96519	0
44.6	1	3e-06	0.575863	-0.838564	0	5.00737	3.64833	0
44.65	1	3e-06	0.79924	-0.616835	0	3.70102	5.0263	0
44.7	1	3e-06	0.945965	-0.335934	0	2.01149	5.94589	0
44.75	1	3e-06	1.00039	-0.0222459	0	0.102862	6.29575	0
44.8	1	3e-06	0.956251	0.293641	0	-1.82582	6.0282	0
44.85	1	3e-06	0.817807	0.580574	0	-3.56915	5.17055	0
44.9	1	3e-06	0.599336	0.810696	0	-4.94675	3.82147	0
44.95	1	3e-06	0.323132	0.96272	0	-5.82863	2.133	0
45	1	3e-06	0.0164734	1.024	0	-6.14824	0.284489	0
45.05	1	3e-06	-0.291692	0.991169	0	-5.90218	-1.54352	0
45.1	1	3e-06	-0.573744	0.869644	0	-5.14024	-3.18945	0
45.15	1	3e-06	-0.805716	0.672224	0	-3.95111	-4.52254	0
45.2	1	3e-06	-0.968856	0.41739	0	-2.44836	-5.44747	0
45.25	1	3e-06	-1.05055	0.127478	0	-0.75917	-5.90432	0
45.3	1	3e-06	-1.04477	-0.173042	0	0.983645	-5.86658	0
45.35	1	3e-06	-0.952188	-0.45918	0	2.64705	-5.33919	0
45.4	1	3e-06	-0.780068	-0.706961	0	4.10211	-4.35773	0
45.45	1	3e-06	-0.541977	-0.894953	0	5.22879	-2.9888	0
45.5	1	3e-06	-0.257189	-1.00584	0	5.92261	-1.3308	0
45.55	1	3e-06	0.0502835	-1.02803	0	6.10402	0.486562	0
45.6	1	3e-06	0.353213	-0.957185	0	5.73047	2.30643	0
45.65	1	3e-06	0.62333	-0.797391	0	4.80906	3.95501	0
45.7	1	3e-06	0.834118	-0.561684	0	3.40623	5.25939	0
45.75	1	3e-06	0.963953	-0.271451	0	1.64933	6.07152	0
45.8	1	3e-06	0.999052	0.0454684	0	-0.283967	6.29359	0
45.85	1	3e-06	0.935556	0.357908	0	-2.18883	5.89728	0
45.9	1	3e-06	0.780169	0.635197	0	-3.8641	4.92998	0
45.95	1	3e-06	0.549147	0.850906	0	-5.14235	3.50544	0
46	1	3e-06	0.265934	0.98574	0	-5.91086	1.78239	0
46.05	1	3e-06	-0.0419396	1.02914	0	-6.11951	-0.0615801	0
46.1	1	3e-06	-0.346017	0.979582	0	-5.77687	-1.85351	0
46.15	1	3e-06	-0.619627	0.843794	0	-4.93907	-3.44161	0
46.2	1	3e-06	-0.839924	0.635421	0	-3.69634	-4.70417	0
46.25	1	3e-06	-0.98926	0.373376	0	-2.16089	-5.55251	0
46.3	1	3e-06	-1.05601	0.0801705	0	-0.457731	-5.93065	0
46.35	1	3e-06	-1.03503	-0.219689	0	1.28178	-5.81414	0
46.4	1	3e-06	-0.927835	-0.501244	0	2.9246	-5.20935	0
46.45	1	3e-06	-0.742574	-0.740624	0	4.34041	-4.1541	0
46.5	1	3e-06	-0.493794	-0.916654	0	5.4073	-2.71926	0
46.55	1	3e-06	-0.201844	-1.01255	0	6.02004	-1.0101	0
46.6	1	3e-06	0.108209	-1.01766	0	6.10152	0.834672	0
46.65	1	3e-06	0.408308	-0.929083	0	5.61654	2.64892	0
46.7	1	3e-06	0.669863	-0.752772	0	4.58502	4.25242	0
46.75	1	3e-06	0.86681	-0.503841	0	3.09007	5.47215	0
46.8	1	3e-06	0.978871	-0.205557	0	1.27563	6.16854	0
46.85	1	3e-06	0.994373	0.113013	0	-0.669259	6.26016	0
46.9	1	3e-06	0.911945	0.420459	0	-2.53757	5.73908	0
46.95	1	3e-06	0.740617	0.68692	0	-4.13589	4.67133	0
47	1	3e-06	0.498355	0.887591	0	-5.31162	3.18269	0
47.05	1	3e-06	0.209455	1.00519	0	-5.96895	1.43532	0
47.1	1	3e-06	-0.09854	1.03112	0	-6.07229	-0.397135	0
47.15	1	3e-06	-0.397774	0.965476	0	-5.63977	-2.14989	0
47.2	1	3e-06	-0.662517	0.816134	0	-4.73185	-3.68023	0
47.25	1	3e-06	-0.87096	0.597453	0	-3.43924	-4.874	0
47.3	1	3e-06	-1.00644	0.328734	0	-1.87277	-5.64764	0
47.35	1	3e-06	-1.05824	0.0326887	0	-0.155983	-5.94802	0
47.4	1	3e-06	-1.02204	-0.266068	0	1.58011	-5.7522	0
47.45	1	3e-06	-0.900225	-0.542532	0	3.20128	-5.06822	0
47.5	1	3e-06	-0.701911	-0.77289	0	4.57488	-3.93703	0
47.55	1	3e-06	-0.442738	-0.936235	0	5.57682	-2.43522	0
47.6	1	3e-06	-0.14423	-1.01641	0	6.10178	-0.676492	0
47.65	1	3e-06	0.16744	-1.00388	0	6.07674	1.19029	0
47.7	1	3e-06	0.463444	-0.897382	0	5.47624	2.98971	0
47.75	1	3e-06	0.715064	-0.704913	0	4.33533	4.53669	0
47.8	1	3e-06	0.896977	-0.443712	0	2.75488	5.66112	0
47.85	1	3e-06	0.990552	-0.138801	0	0.894396	6.23523	0
47.9	1	3e-06	0.986417	0.17981	0	-1.04869	6.1962	0
47.95	1	3e-06	0.885683	0.480819	0	-2.86893	5.55645	0
48	1	3e-06	0.699524	0.735456	0	-4.38355	4.39841	0
48.05	1	3e-06	0.447328	0.920661	0	-5.45566	2.85662	0
48.1	1	3e-06	0.153958	1.02112	0	-6.00533	1.09379	0
48.15	1	3e-06	-0.153206	1.03004	0	-6.00928	-0.721847	0
48.2	1	3e-06	-0.44697	0.948932	0	-5.49294	-2.43366	0
48.25	1	3e-06	-0.7025	0.786673	0	-4.51953	-3.90692	0
48.3	1	3e-06	-0.898924	0.558241	0	-3.17966	-5.03357	0
48.35	1	3e-06	-1.02047	0.283317	0	-1.58306	-5.73377	0
48.4	1	3e-06	-1.05723	-0.0151366	0	0.147323	-5.95637	0
48.45	1	3e-06	-1.00573	-0.31232	0	1.87961	-5.67976	0
48.5	1	3e-06	-0.869268	-0.583112	0	3.47722	-4.91413	0
48.55	1	3e-06	-0.658012	-0.803733	0	4.80447	-3.70479	0
48.6	1	3e-06	-0.388821	-0.953592	0	5.73516	-2.13561	0
48.65	1	3e-06	-0.0844956	-1.01729	0	6.16497	-0.330303	0
48.7	1	3e-06	0.227676	-0.986622	0	6.02709	1.55135	0
48.75	1	3e-06	0.518214	-0.862159	0	5.30838	3.32528	0
48.8	1	3e-06	0.758514	-0.654094	0	4.061	4.8039	0
48.85	1	3e-06	0.924314	-0.381769	0	2.40382	5.82336	0
48.9	1	3e-06	0.998896	-0.0717576	0	0.509956	6.27083	0
48.95	1	3e-06	0.975309	0.245314	0	-1.41829	6.10341	0
49	1	3e-06	0.857067	0.538583	0	-3.18061	5.35277	0
49.05	1	3e-06	0.657248	0.780592	0	-4.60698	4.11495	0
49.1	1	3e-06	0.396369	0.950079	0	-5.57619	2.53004	0
49.15	1	3e-06	0.099629	1.0336	0	-6.02257	0.75907	0
49.2	1	3e-06	-0.205888	1.02599	0	-5.9329	-1.03597	0
49.25	1	3e-06	-0.493661	0.929999	0	-5.33794	-2.7061	0
49.3	1	3e-06	-0.739682	0.755376	0	-4.30257	-4.12328	0
49.35	1	3e-06	-0.923918	0.517671	0	-2.91705	-5.18412	0
49.4	1	3e-06	-1.03139	0.236964	0	-1.29058	-5.81136	0
49.45	1	3e-06	-1.05298	-0.0634654	0	0.453393	-5.95518	0
49.5	1	3e-06	-0.986048	-0.358554	0	2.18093	-5.59542	0
49.55	1	3e-06	-0.834883	-0.623007	0	3.75206	-4.74525	0
49.6	1	3e-06	-0.610842	-0.833079	0	5.02759	-3.45576	0
49.65	1	3e-06	-0.332124	-0.968583	0	5.87969	-1.81984	0
49.7	1	3e-06	-0.0228731	-1.01506	0	6.20665	0.0274186	0
49.75	1	3e-06	0.288542	-0.965841	0	5.95039	1.91503	0
49.8	1	3e-06	0.572166	-0.823559	0	5.11262	3.6517	0
49.85	1	3e-06	0.799804	-0.600672	0	3.76399	5.05027	0
49.9	1	3e-06	0.948565	-0.318532	0	2.0407	5.95672	0
49.95	1	3e-06	1.00387	-0.00499958	0	0.126665	6.2756	0
50	1	3e-06	0.961232	0.309028	0	-1.7747	5.98424	0
