0	0	5.9535e-05	-0.000118435
0	1	0	-0.000126824
0	2	4.20062e-06	-8.38924e-06
0.05	0	5.93646e-05	-0.00011826
0.05	1	3.80768e-14	-0.000126534
0.05	2	4.20062e-06	-8.27361e-06
0.1	0	5.88748e-05	-0.000117757
0.1	1	1.47146e-13	-0.00012571
0.1	2	4.20062e-06	-7.95346e-06
0.15	0	5.81258e-05	-0.000116988
0.15	1	3.08549e-13	-0.000124482
0.15	2	4.20062e-06	-7.49365e-06
0.2	0	5.72047e-05	-0.000116044
0.2	1	4.97585e-13	-0.00012301
0.2	2	4.20062e-06	-6.9661e-06
0.25	0	5.62108e-05	-0.000115027
0.25	1	6.92909e-13	-0.000121454
0.25	2	4.20062e-06	-6.4274e-06
0.3	0	5.52418e-05	-0.000114036
0.3	1	8.80508e-13	-0.000119949
0.3	2	4.20062e-06	-5.91257e-06
0.35	0	5.43841e-05	-0.00011316
0.35	1	1.05316e-12	-0.000118599
0.35	2	4.20062e-06	-5.43896e-06
0.4	0	5.37067e-05	-0.000112469
0.4	1	1.20828e-12	-0.000117482
0.4	2	4.20062e-06	-5.01238e-06
0.45	0	5.326e-05	-0.000112014
0.45	1	1.3459e-12	-0.000116646
0.45	2	4.20062e-06	-4.63236e-06
0.5	0	5.30747e-05	-0.000111825
0.5	1	1.46735e-12	-0.00011612
0.5	2	4.20062e-06	-4.2954e-06
0.55	0	5.31633e-05	-0.000111915
0.55	1	1.57437e-12	-0.000115912
0.55	2	4.20062e-06	-3.9969e-06
0.6	0	5.35199e-05	-0.000112279
0.6	1	1.66882e-12	-0.000116011
0.6	2	4.20062e-06	-3.7321e-06
0.65	0	5.41202e-05	-0.000112891
0.65	1	1.75241e-12	-0.000116388
0.65	2	4.20062e-06	-3.49658e-06
0.7	0	5.4921e-05	-0.000113708
0.7	1	1.82666e-12	-0.000116995
0.7	2	4.20062e-06	-3.28639e-06
0.75	0	5.58596e-05	-0.000114668
0.75	1	1.89287e-12	-0.000117766
0.75	2	4.20062e-06	-3.09809e-06
0.8	0	5.68554e-05	-0.000115687
0.8	1	1.95217e-12	-0.000118615
0.8	2	4.20062e-06	-2.92874e-06
0.85	0	5.78138e-05	-0.000116669
0.85	1	2.0055e-12	-0.000119444
0.85	2	4.20062e-06	-2.77584e-06
0.9	0	5.86347e-05	-0.000117511
0.9	1	2.05366e-12	-0.000120148
0.9	2	4.20062e-06	-2.63727e-06
0.95	0	5.9225e-05	-0.000118117
0.95	1	2.09733e-12	-0.000120628
0.95	2	4.20062e-06	-2.51122e-06
1	0	5.95134e-05	-0.000118413
1	1	2.13706e-12	-0.000120809
1	2	4.20062e-06	-2.39615e-06
1.05	0	5.94636e-05	-0.000118362
1.05	1	2.17335e-12	-0.000120653
1.05	2	4.20062e-06	-2.29075e-06
1.1	0	5.9082e-05	-0.00011797
1.1	1	2.2066e-12	-0.000120164
1.1	2	4.20062e-06	-2.19391e-06
1.15	0	5.84161e-05	-0.000117286
1.15	1	2.23718e-12	-0.000119391
1.15	2	4.20062e-06	-2.10465e-06
1.2	0	5.75451e-05	-0.000116393
1.2	1	2.26537e-12	-0.000118415
1.2	2	4.20062e-06	-2.02216e-06
1.25	0	5.65655e-05	-0.00011539
1.25	1	2.29144e-12	-0.000117336
1.25	2	4.20062e-06	-1.94571e-06
1.3	0	5.55771e-05	-0.000114379
1.3	1	2.31561e-12	-0.000116254
1.3	2	4.20062e-06	-1.87468e-06
1.35	0	5.46709e-05	-0.000113453
1.35	1	2.33807e-12	-0.000115262
1.35	2	4.20062e-06	-1.80853e-06
1.4	0	5.39228e-05	-0.00011269
1.4	1	2.359e-12	-0.000114436
1.4	2	4.20062e-06	-1.74679e-06
1.45	0	5.33897e-05	-0.000112146
1.45	1	2.37855e-12	-0.000113835
1.45	2	4.20062e-06	-1.68904e-06
1.5	0	5.31093e-05	-0.00011186
1.5	1	2.39684e-12	-0.000113495
1.5	2	4.20062e-06	-1.63491e-06
1.55	0	5.31005e-05	-0.000111851
1.55	1	2.41399e-12	-0.000113435
1.55	2	4.20062e-06	-1.58408e-06
1.6	0	5.33638e-05	-0.00011212
1.6	1	2.43011e-12	-0.000113656
1.6	2	4.20062e-06	-1.53627e-06
1.65	0	5.38816e-05	-0.000112648
1.65	1	2.44527e-12	-0.000114139
1.65	2	4.20062e-06	-1.49121e-06
1.7	0	5.46174e-05	-0.000113399
1.7	1	2.45956e-12	-0.000114847
1.7	2	4.20062e-06	-1.44867e-06
1.75	0	5.55155e-05	-0.000114316
1.75	1	2.47306e-12	-0.000115724
1.75	2	4.20062e-06	-1.40847e-06
1.8	0	5.65012e-05	-0.000115324
1.8	1	2.48582e-12	-0.000116694
1.8	2	4.20062e-06	-1.3704e-06
1.85	0	5.74843e-05	-0.000116331
1.85	1	2.49791e-12	-0.000117665
1.85	2	4.20062e-06	-1.33431e-06
1.9	0	5.83654e-05	-0.000117234
1.9	1	2.50937e-12	-0.000118534
1.9	2	4.20062e-06	-1.30005e-06
1.95	0	5.90471e-05	-0.000117934
1.95	1	2.52026e-12	-0.000119201
1.95	2	4.20062e-06	-1.26749e-06
2	0	5.94487e-05	-0.000118347
2	1	2.53061e-12	-0.000119583
2	2	4.20062e-06	-1.2365e-06
2.05	0	5.95205e-05	-0.00011842
2.05	1	2.54046e-12	-0.000119627
2.05	2	4.20062e-06	-1.20697e-06
2.1	0	5.92532e-05	-0.000118146
2.1	1	2.54985e-12	-0.000119325
2.1	2	4.20062e-06	-1.17881e-06
2.15	0	5.86805e-05	-0.000117558
2.15	1	2.55881e-12	-0.00011871
2.15	2	4.20062e-06	-1.15192e-06
2.2	0	5.78718e-05	-0.000116728
2.2	1	2.56737e-12	-0.000117854
2.2	2	4.20062e-06	-1.12622e-06
2.25	0	5.69192e-05	-0.000115752
2.25	1	2.57555e-12	-0.000116854
2.25	2	4.20062e-06	-1.10163e-06
2.3	0	5.59228e-05	-0.000114732
2.3	1	2.58337e-12	-0.00011581
2.3	2	4.20062e-06	-1.07808e-06
2.35	0	5.49779e-05	-0.000113767
2.35	1	2.59087e-12	-0.000114822
2.35	2	4.20062e-06	-1.05551e-06
2.4	0	5.41662e-05	-0.000112938
2.4	1	2.59806e-12	-0.000113972
2.4	2	4.20062e-06	-1.03385e-06
2.45	0	5.35515e-05	-0.000112311
2.45	1	2.60496e-12	-0.000113324
2.45	2	4.20062e-06	-1.01307e-06
2.5	0	5.31783e-05	-0.00011193
2.5	1	2.61158e-12	-0.000112924
2.5	2	4.20062e-06	-9.93091e-07
2.55	0	5.30721e-05	-0.000111822
2.55	1	2.61794e-12	-0.000112796
2.55	2	4.20062e-06	-9.73884e-07
2.6	0	5.324e-05	-0.000111993
2.6	1	2.62406e-12	-0.000112949
2.6	2	4.20062e-06	-9.554e-07
2.65	0	5.36706e-05	-0.000112432
2.65	1	2.62996e-12	-0.00011337
2.65	2	4.20062e-06	-9.37601e-07
2.7	0	5.43345e-05	-0.00011311
2.7	1	2.63563e-12	-0.00011403
2.7	2	4.20062e-06	-9.20449e-07
2.75	0	5.51825e-05	-0.000113976
2.75	1	2.6411e-12	-0.00011488
2.75	2	4.20062e-06	-9.0391e-07
2.8	0	5.61468e-05	-0.000114961
2.8	1	2.64637e-12	-0.000115849
2.8	2	4.20062e-06	-8.87951e-07
2.85	0	5.71419e-05	-0.00011598
2.85	1	2.65146e-12	-0.000116853
2.85	2	4.20062e-06	-8.72543e-07
2.9	0	5.80707e-05	-0.000116932
2.9	1	2.65638e-12	-0.00011779
2.9	2	4.20062e-06	-8.57658e-07
2.95	0	5.88336e-05	-0.000117715
2.95	1	2.66113e-12	-0.000118558
2.95	2	4.20062e-06	-8.43269e-07
3	0	5.93422e-05	-0.000118237
3	1	2.66572e-12	-0.000119066
3	2	4.20062e-06	-8.29353e-07
3.05	0	5.95343e-05	-0.000118435
3.05	1	2.67016e-12	-0.00011925
3.05	2	4.20062e-06	-8.15887e-07
3.1	0	5.93856e-05	-0.000118282
3.1	1	2.67446e-12	-0.000119085
3.1	2	4.20062e-06	-8.02849e-07
3.15	0	5.8915e-05	-0.000117798
3.15	1	2.67862e-12	-0.000118589
3.15	2	4.20062e-06	-7.90219e-07
3.2	0	5.81803e-05	-0.000117044
3.2	1	2.68265e-12	-0.000117822
3.2	2	4.20062e-06	-7.77979e-07
3.25	0	5.72674e-05	-0.000116109
3.25	1	2.68656e-12	-0.000116875
3.25	2	4.20062e-06	-7.66111e-07
3.3	0	5.62752e-05	-0.000115093
3.3	1	2.69035e-12	-0.000115847
3.3	2	4.20062e-06	-7.54598e-07
3.35	0	5.53018e-05	-0.000114098
3.35	1	2.69403e-12	-0.000114841
3.35	2	4.20062e-06	-7.43424e-07
3.4	0	5.44346e-05	-0.000113212
3.4	1	2.6976e-12	-0.000113944
3.4	2	4.20062e-06	-7.32576e-07
3.45	0	5.37439e-05	-0.000112507
3.45	1	2.70106e-12	-0.000113229
3.45	2	4.20062e-06	-7.22038e-07
3.5	0	5.32811e-05	-0.000112035
3.5	1	2.70443e-12	-0.000112747
3.5	2	4.20062e-06	-7.11798e-07
3.55	0	5.30784e-05	-0.000111829
3.55	1	2.7077e-12	-0.00011253
3.55	2	4.20062e-06	-7.01843e-07
3.6	0	5.31494e-05	-0.000111901
3.6	1	2.71088e-12	-0.000112593
3.6	2	4.20062e-06	-6.92162e-07
3.65	0	5.34892e-05	-0.000112247
3.65	1	2.71398e-12	-0.00011293
3.65	2	4.20062e-06	-6.82744e-07
3.7	0	5.40749e-05	-0.000112845
3.7	1	2.71699e-12	-0.000113518
3.7	2	4.20062e-06	-6.73577e-07
3.75	0	5.48644e-05	-0.000113651
3.75	1	2.71991e-12	-0.000114315
3.75	2	4.20062e-06	-6.64653e-07
3.8	0	5.57964e-05	-0.000114603
3.8	1	2.72277e-12	-0.000115259
3.8	2	4.20062e-06	-6.55961e-07
3.85	0	5.67912e-05	-0.000115621
3.85	1	2.72555e-12	-0.000116268
3.85	2	4.20062e-06	-6.47493e-07
3.9	0	5.77551e-05	-0.000116608
3.9	1	2.72825e-12	-0.000117248
3.9	2	4.20062e-06	-6.39241e-07
3.95	0	5.85878e-05	-0.000117462
3.95	1	2.73089e-12	-0.000118094
3.95	2	4.20062e-06	-6.31195e-07
4	0	5.91955e-05	-0.000118086
4	1	2.73346e-12	-0.00011871
4	2	4.20062e-06	-6.23349e-07
4.05	0	5.95048e-05	-0.000118404
4.05	1	2.73597e-12	-0.00011902
4.05	2	4.20062e-06	-6.15695e-07
4.1	0	5.94771e-05	-0.000118376
4.1	1	2.73842e-12	-0.000118984
4.1	2	4.20062e-06	-6.08226e-07
4.15	0	5.91159e-05	-0.000118005
4.15	1	2.74081e-12	-0.000118606
4.15	2	4.20062e-06	-6.00936e-07
4.2	0	5.84662e-05	-0.000117338
4.2	1	2.74314e-12	-0.000117932
4.2	2	4.20062e-06	-5.93818e-07
4.25	0	5.76056e-05	-0.000116455
4.25	1	2.74542e-12	-0.000117042
4.25	2	4.20062e-06	-5.86867e-07
4.3	0	5.663e-05	-0.000115456
4.3	1	2.74764e-12	-0.000116036
4.3	2	4.20062e-06	-5.80075e-07
4.35	0	5.56392e-05	-0.000114442
4.35	1	2.74981e-12	-0.000115016
4.35	2	4.20062e-06	-5.73439e-07
4.4	0	5.47253e-05	-0.000113509
4.4	1	2.75194e-12	-0.000114076
4.4	2	4.20062e-06	-5.66953e-07
4.45	0	5.39651e-05	-0.000112733
4.45	1	2.75401e-12	-0.000113293
4.45	2	4.20062e-06	-5.60611e-07
4.5	0	5.34168e-05	-0.000112174
4.5	1	2.75604e-12	-0.000112728
4.5	2	4.20062e-06	-5.54409e-07
4.55	0	5.31193e-05	-0.00011187
4.55	1	2.75803e-12	-0.000112419
4.55	2	4.20062e-06	-5.48343e-07
4.6	0	5.30928e-05	-0.000111843
4.6	1	2.75997e-12	-0.000112386
4.6	2	4.20062e-06	-5.42408e-07
4.65	0	5.33389e-05	-0.000112094
4.65	1	2.76187e-12	-0.000112631
4.65	2	4.20062e-06	-5.366e-07
4.7	0	5.38412e-05	-0.000112606
4.7	1	2.76373e-12	-0.000113137
4.7	2	4.20062e-06	-5.30914e-07
4.75	0	5.45644e-05	-0.000113344
4.75	1	2.76555e-12	-0.00011387
4.75	2	4.20062e-06	-5.25347e-07
4.8	0	5.5454e-05	-0.000114253
4.8	1	2.76733e-12	-0.000114773
4.8	2	4.20062e-06	-5.19896e-07
4.85	0	5.64367e-05	-0.000115258
4.85	1	2.76907e-12	-0.000115773
4.85	2	4.20062e-06	-5.14557e-07
4.9	0	5.74229e-05	-0.000116268
4.9	1	2.77078e-12	-0.000116777
4.9	2	4.20062e-06	-5.09326e-07
4.95	0	5.83136e-05	-0.000117181
4.95	1	2.77246e-12	-0.000117685
4.95	2	4.20062e-06	-5.042e-07
5	0	5.90108e-05	-0.000117897
5	1	2.7741e-12	-0.000118396
5	2	4.20062e-06	-4.99176e-07
5.05	0	5.94325e-05	-0.00011833
5.05	1	2.77571e-12	-0.000118824
5.05	2	4.20062e-06	-4.9425e-07
5.1	0	5.95262e-05	-0.000118426
5.1	1	2.77728e-12	-0.000118916
5.1	2	4.20062e-06	-4.89421e-07
5.15	0	5.92802e-05	-0.000118173
5.15	1	2.77883e-12	-0.000118658
5.15	2	4.20062e-06	-4.84686e-07
5.2	0	5.87255e-05	-0.000117604
5.2	1	2.78035e-12	-0.000118084
5.2	2	4.20062e-06	-4.80041e-07
5.25	0	5.79293e-05	-0.000116787
5.25	1	2.78183e-12	-0.000117262
5.25	2	4.20062e-06	-4.75484e-07
5.3	0	5.6983e-05	-0.000115817
5.3	1	2.78329e-12	-0.000116288
5.3	2	4.20062e-06	-4.71012e-07
5.35	0	5.59865e-05	-0.000114797
5.35	1	2.78473e-12	-0.000115264
5.35	2	4.20062e-06	-4.66624e-07
5.4	0	5.50356e-05	-0.000113826
5.4	1	2.78613e-12	-0.000114288
5.4	2	4.20062e-06	-4.62316e-07
5.45	0	5.42132e-05	-0.000112986
5.45	1	2.78751e-12	-0.000113444
5.45	2	4.20062e-06	-4.58088e-07
5.5	0	5.35843e-05	-0.000112344
5.5	1	2.78886e-12	-0.000112798
5.5	2	4.20062e-06	-4.53936e-07
5.55	0	5.31945e-05	-0.000111947
5.55	1	2.7902e-12	-0.000112397
5.55	2	4.20062e-06	-4.49858e-07
5.6	0	5.30707e-05	-0.000111821
5.6	1	2.7915e-12	-0.000112267
5.6	2	4.20062e-06	-4.45853e-07
5.65	0	5.3221e-05	-0.000111974
5.65	1	2.79278e-12	-0.000112416
5.65	2	4.20062e-06	-4.41918e-07
5.7	0	5.36354e-05	-0.000112396
5.7	1	2.79404e-12	-0.000112835
5.7	2	4.20062e-06	-4.38052e-07
5.75	0	5.42855e-05	-0.00011306
5.75	1	2.79528e-12	-0.000113494
5.75	2	4.20062e-06	-4.34253e-07
5.8	0	5.51235e-05	-0.000113915
5.8	1	2.7965e-12	-0.000114346
5.8	2	4.20062e-06	-4.3052e-07
5.85	0	5.60827e-05	-0.000114896
5.85	1	2.7977e-12	-0.000115323
5.85	2	4.20062e-06	-4.26849e-07
5.9	0	5.70787e-05	-0.000115915
5.9	1	2.79887e-12	-0.000116338
5.9	2	4.20062e-06	-4.23241e-07
5.95	0	5.80148e-05	-0.000116875
5.95	1	2.80003e-12	-0.000117294
5.95	2	4.20062e-06	-4.19694e-07
6	0	5.87912e-05	-0.000117671
6	1	2.80117e-12	-0.000118087
6	2	4.20062e-06	-4.16205e-07
6.05	0	5.93185e-05	-0.000118213
6.05	1	2.80228e-12	-0.000118626
6.05	2	4.20062e-06	-4.12773e-07
6.1	0	5.95322e-05	-0.000118432
6.1	1	2.80338e-12	-0.000118842
6.1	2	4.20062e-06	-4.09398e-07
6.15	0	5.94054e-05	-0.000118302
6.15	1	2.80446e-12	-0.000118708
6.15	2	4.20062e-06	-4.06078e-07
6.2	0	5.89541e-05	-0.000117838
6.2	1	2.80553e-12	-0.000118241
6.2	2	4.20062e-06	-4.0281e-07
6.25	0	5.82341e-05	-0.0001171
6.25	1	2.80658e-12	-0.000117499
6.25	2	4.20062e-06	-3.99595e-07
6.3	0	5.73297e-05	-0.000116172
6.3	1	2.80761e-12	-0.000116569
6.3	2	4.20062e-06	-3.96431e-07
6.35	0	5.63396e-05	-0.000115159
6.35	1	2.80862e-12	-0.000115552
6.35	2	4.20062e-06	-3.93316e-07
6.4	0	5.53623e-05	-0.000114159
6.4	1	2.80962e-12	-0.00011455
6.4	2	4.20062e-06	-3.9025e-07
6.45	0	5.44858e-05	-0.000113264
6.45	1	2.8106e-12	-0.000113651
6.45	2	4.20062e-06	-3.87232e-07
6.5	0	5.3782e-05	-0.000112546
6.5	1	2.81157e-12	-0.00011293
6.5	2	4.20062e-06	-3.84259e-07
6.55	0	5.33034e-05	-0.000112058
6.55	1	2.81252e-12	-0.000112439
6.55	2	4.20062e-06	-3.81332e-07
6.6	0	5.30833e-05	-0.000111834
6.6	1	2.81346e-12	-0.000112212
6.6	2	4.20062e-06	-3.78449e-07
6.65	0	5.31365e-05	-0.000111888
6.65	1	2.81438e-12	-0.000112263
6.65	2	4.20062e-06	-3.75609e-07
6.7	0	5.34595e-05	-0.000112217
6.7	1	2.81529e-12	-0.00011259
6.7	2	4.20062e-06	-3.72812e-07
6.75	0	5.40304e-05	-0.000112799
6.75	1	2.81619e-12	-0.000113169
6.75	2	4.20062e-06	-3.70055e-07
6.8	0	5.48084e-05	-0.000113594
6.8	1	2.81707e-12	-0.000113961
6.8	2	4.20062e-06	-3.6734e-07
6.85	0	5.57334e-05	-0.000114539
6.85	1	2.81795e-12	-0.000114903
6.85	2	4.20062e-06	-3.64663e-07
6.9	0	5.67269e-05	-0.000115555
6.9	1	2.8188e-12	-0.000115917
6.9	2	4.20062e-06	-3.62026e-07
6.95	0	5.76958e-05	-0.000116548
6.95	1	2.81965e-12	-0.000116907
6.95	2	4.20062e-06	-3.59426e-07
7	0	5.854e-05	-0.000117413
7	1	2.82048e-12	-0.00011777
7	2	4.20062e-06	-3.56864e-07
7.05	0	5.91646e-05	-0.000118055
7.05	1	2.8213e-12	-0.000118409
7.05	2	4.20062e-06	-3.54337e-07
7.1	0	5.94948e-05	-0.000118394
7.1	1	2.82211e-12	-0.000118746
7.1	2	4.20062e-06	-3.51846e-07
7.15	0	5.94892e-05	-0.000118388
7.15	1	2.82291e-12	-0.000118738
7.15	2	4.20062e-06	-3.4939e-07
7.2	0	5.91486e-05	-0.000118038
7.2	1	2.8237e-12	-0.000118385
7.2	2	4.20062e-06	-3.46968e-07
7.25	0	5.85155e-05	-0.000117388
7.25	1	2.82448e-12	-0.000117733
7.25	2	4.20062e-06	-3.44579e-07
7.3	0	5.76657e-05	-0.000116517
7.3	1	2.82524e-12	-0.000116859
7.3	2	4.20062e-06	-3.42223e-07
7.35	0	5.66944e-05	-0.000115522
7.35	1	2.826e-12	-0.000115862
7.35	2	4.20062e-06	-3.39899e-07
7.4	0	5.57017e-05	-0.000114506
7.4	1	2.82674e-12	-0.000114844
7.4	2	4.20062e-06	-3.37606e-07
7.45	0	5.47804e-05	-0.000113565
7.45	1	2.82748e-12	-0.0001139
7.45	2	4.20062e-06	-3.35344e-07
7.5	0	5.40083e-05	-0.000112777
7.5	1	2.8282e-12	-0.00011311
7.5	2	4.20062e-06	-3.33112e-07
7.55	0	5.34449e-05	-0.000112202
7.55	1	2.82892e-12	-0.000112533
7.55	2	4.20062e-06	-3.30909e-07
7.6	0	5.31305e-05	-0.000111882
7.6	1	2.82963e-12	-0.00011221
7.6	2	4.20062e-06	-3.28735e-07
7.65	0	5.30862e-05	-0.000111837
7.65	1	2.83032e-12	-0.000112163
7.65	2	4.20062e-06	-3.2659e-07
7.7	0	5.3315e-05	-0.00011207
7.7	1	2.83101e-12	-0.000112394
7.7	2	4.20062e-06	-3.24472e-07
7.75	0	5.38016e-05	-0.000112566
7.75	1	2.83169e-12	-0.000112888
7.75	2	4.20062e-06	-3.22382e-07
7.8	0	5.4512e-05	-0.000113291
7.8	1	2.83236e-12	-0.000113611
7.8	2	4.20062e-06	-3.20319e-07
7.85	0	5.53929e-05	-0.000114191
7.85	1	2.83302e-12	-0.000114509
7.85	2	4.20062e-06	-3.18281e-07
7.9	0	5.63722e-05	-0.000115192
7.9	1	2.83368e-12	-0.000115508
7.9	2	4.20062e-06	-3.1627e-07
7.95	0	5.73611e-05	-0.000116205
7.95	1	2.83432e-12	-0.000116519
7.95	2	4.20062e-06	-3.14283e-07
8	0	5.82609e-05	-0.000117127
8	1	2.83496e-12	-0.000117439
8	2	4.20062e-06	-3.12322e-07
8.05	0	5.89734e-05	-0.000117858
8.05	1	2.83559e-12	-0.000118169
8.05	2	4.20062e-06	-3.10385e-07
8.1	0	5.94148e-05	-0.000118312
8.1	1	2.83621e-12	-0.00011862
8.1	2	4.20062e-06	-3.08471e-07
8.15	0	5.95305e-05	-0.000118431
8.15	1	2.83682e-12	-0.000118737
8.15	2	4.20062e-06	-3.06581e-07
8.2	0	5.9306e-05	-0.0001182
8.2	1	2.83743e-12	-0.000118505
8.2	2	4.20062e-06	-3.04714e-07
8.25	0	5.87694e-05	-0.000117649
8.25	1	2.83803e-12	-0.000117952
8.25	2	4.20062e-06	-3.0287e-07
8.3	0	5.79863e-05	-0.000116845
8.3	1	2.83862e-12	-0.000117146
8.3	2	4.20062e-06	-3.01048e-07
8.35	0	5.70466e-05	-0.000115882
8.35	1	2.83921e-12	-0.000116182
8.35	2	4.20062e-06	-2.99248e-07
8.4	0	5.60504e-05	-0.000114863
8.4	1	2.83978e-12	-0.00011516
8.4	2	4.20062e-06	-2.97469e-07
8.45	0	5.50939e-05	-0.000113885
8.45	1	2.84035e-12	-0.000114181
8.45	2	4.20062e-06	-2.95711e-07
8.5	0	5.4261e-05	-0.000113035
8.5	1	2.84092e-12	-0.000113329
8.5	2	4.20062e-06	-2.93973e-07
8.55	0	5.3618e-05	-0.000112379
8.55	1	2.84148e-12	-0.000112671
8.55	2	4.20062e-06	-2.92256e-07
8.6	0	5.32118e-05	-0.000111965
8.6	1	2.84203e-12	-0.000112255
8.6	2	4.20062e-06	-2.90559e-07
8.65	0	5.30704e-05	-0.00011182
8.65	1	2.84257e-12	-0.000112109
8.65	2	4.20062e-06	-2.88882e-07
8.7	0	5.32031e-05	-0.000111956
8.7	1	2.84311e-12	-0.000112243
8.7	2	4.20062e-06	-2.87223e-07
8.75	0	5.36012e-05	-0.000112362
8.75	1	2.84364e-12	-0.000112647
8.75	2	4.20062e-06	-2.85584e-07
8.8	0	5.42373e-05	-0.00011301
8.8	1	2.84417e-12	-0.000113294
8.8	2	4.20062e-06	-2.83963e-07
8.85	0	5.5065e-05	-0.000113856
8.85	1	2.84469e-12	-0.000114138
8.85	2	4.20062e-06	-2.82361e-07
8.9	0	5.60187e-05	-0.00011483
8.9	1	2.8452e-12	-0.000115111
8.9	2	4.20062e-06	-2.80776e-07
8.95	0	5.70152e-05	-0.00011585
8.95	1	2.84571e-12	-0.000116129
8.95	2	4.20062e-06	-2.79209e-07
9	0	5.79582e-05	-0.000116817
9	1	2.84621e-12	-0.000117094
9	2	4.20062e-06	-2.7766e-07
9.05	0	5.87478e-05	-0.000117627
9.05	1	2.84671e-12	-0.000117903
9.05	2	4.20062e-06	-2.76127e-07
9.1	0	5.92934e-05	-0.000118187
9.1	1	2.8472e-12	-0.000118462
9.1	2	4.20062e-06	-2.74612e-07
9.15	0	5.95286e-05	-0.000118429
9.15	1	2.84769e-12	-0.000118702
9.15	2	4.20062e-06	-2.73113e-07
9.2	0	5.94237e-05	-0.000118321
9.2	1	2.84817e-12	-0.000118593
9.2	2	4.20062e-06	-2.7163e-07
9.25	0	5.89921e-05	-0.000117877
9.25	1	2.84864e-12	-0.000118148
9.25	2	4.20062e-06	-2.70163e-07
9.3	0	5.82871e-05	-0.000117154
9.3	1	2.84912e-12	-0.000117423
9.3	2	4.20062e-06	-2.68712e-07
9.35	0	5.73917e-05	-0.000116236
9.35	1	2.84958e-12	-0.000116503
9.35	2	4.20062e-06	-2.67277e-07
9.4	0	5.64041e-05	-0.000115225
9.4	1	2.85004e-12	-0.000115491
9.4	2	4.20062e-06	-2.65857e-07
9.45	0	5.54231e-05	-0.000114222
9.45	1	2.8505e-12	-0.000114486
9.45	2	4.20062e-06	-2.64451e-07
9.5	0	5.45378e-05	-0.000113317
9.5	1	2.85095e-12	-0.00011358
9.5	2	4.20062e-06	-2.63061e-07
9.55	0	5.38211e-05	-0.000112586
9.55	1	2.85139e-12	-0.000112848
9.55	2	4.20062e-06	-2.61685e-07
9.6	0	5.33267e-05	-0.000112082
9.6	1	2.85184e-12	-0.000112342
9.6	2	4.20062e-06	-2.60323e-07
9.65	0	5.30893e-05	-0.00011184
9.65	1	2.85227e-12	-0.000112099
9.65	2	4.20062e-06	-2.58976e-07
9.7	0	5.31248e-05	-0.000111876
9.7	1	2.85271e-12	-0.000112134
9.7	2	4.20062e-06	-2.57642e-07
9.75	0	5.34309e-05	-0.000112188
9.75	1	2.85313e-12	-0.000112444
9.75	2	4.20062e-06	-2.56322e-07
9.8	0	5.39868e-05	-0.000112755
9.8	1	2.85356e-12	-0.00011301
9.8	2	4.20062e-06	-2.55016e-07
9.85	0	5.47531e-05	-0.000113537
9.85	1	2.85398e-12	-0.000113791
9.85	2	4.20062e-06	-2.53722e-07
9.9	0	5.56708e-05	-0.000114475
9.9	1	2.85439e-12	-0.000114727
9.9	2	4.20062e-06	-2.52442e-07
9.95	0	5.66625e-05	-0.000115489
9.95	1	2.8548e-12	-0.00011574
9.95	2	4.20062e-06	-2.51175e-07
10	0	5.7636e-05	-0.000116486
10	1	2.85521e-12	-0.000116736
10	2	4.20062e-06	-2.4992e-07
10.05	0	5.84912e-05	-0.000117363
10.05	1	2.85561e-12	-0.000117612
10.05	2	4.20062e-06	-2.48678e-07
10.1	0	5.91326e-05	-0.000118022
10.1	1	2.85601e-12	-0.000118269
10.1	2	4.20062e-06	-2.47448e-07
10.15	0	5.94834e-05	-0.000118382
10.15	1	2.85641e-12	-0.000118628
10.15	2	4.20062e-06	-2.4623e-07
10.2	0	5.94999e-05	-0.000118399
10.2	1	2.8568e-12	-0.000118644
10.2	2	4.20062e-06	-2.45024e-07
10.25	0	5.918e-05	-0.000118071
10.25	1	2.85718e-12	-0.000118314
10.25	2	4.20062e-06	-2.43829e-07
10.3	0	5.85638e-05	-0.000117438
10.3	1	2.85757e-12	-0.00011768
10.3	2	4.20062e-06	-2.42647e-07
10.35	0	5.77252e-05	-0.000116578
10.35	1	2.85795e-12	-0.000116819
10.35	2	4.20062e-06	-2.41476e-07
10.4	0	5.67588e-05	-0.000115588
10.4	1	2.85832e-12	-0.000115828
10.4	2	4.20062e-06	-2.40316e-07
10.45	0	5.57646e-05	-0.000114571
10.45	1	2.85869e-12	-0.00011481
10.45	2	4.20062e-06	-2.39167e-07
10.5	0	5.48361e-05	-0.000113622
10.5	1	2.85906e-12	-0.00011386
10.5	2	4.20062e-06	-2.38029e-07
10.55	0	5.40523e-05	-0.000112822
10.55	1	2.85943e-12	-0.000113059
10.55	2	4.20062e-06	-2.36902e-07
10.6	0	5.34741e-05	-0.000112232
10.6	1	2.85979e-12	-0.000112468
10.6	2	4.20062e-06	-2.35785e-07
10.65	0	5.31427e-05	-0.000111894
10.65	1	2.86015e-12	-0.000112129
10.65	2	4.20062e-06	-2.34679e-07
10.7	0	5.30807e-05	-0.000111831
10.7	1	2.8605e-12	-0.000112065
10.7	2	4.20062e-06	-2.33583e-07
10.75	0	5.32922e-05	-0.000112047
10.75	1	2.86086e-12	-0.000112279
10.75	2	4.20062e-06	-2.32497e-07
10.8	0	5.3763e-05	-0.000112527
10.8	1	2.8612e-12	-0.000112758
10.8	2	4.20062e-06	-2.31422e-07
10.85	0	5.44604e-05	-0.000113238
10.85	1	2.86155e-12	-0.000113469
10.85	2	4.20062e-06	-2.30356e-07
10.9	0	5.53323e-05	-0.000114129
10.9	1	2.86189e-12	-0.000114358
10.9	2	4.20062e-06	-2.293e-07
10.95	0	5.63077e-05	-0.000115126
10.95	1	2.86223e-12	-0.000115354
10.95	2	4.20062e-06	-2.28254e-07
11	0	5.72989e-05	-0.000116141
11	1	2.86257e-12	-0.000116368
11	2	4.20062e-06	-2.27217e-07
11.05	0	5.82075e-05	-0.000117072
11.05	1	2.8629e-12	-0.000117298
11.05	2	4.20062e-06	-2.2619e-07
11.1	0	5.89349e-05	-0.000117819
11.1	1	2.86323e-12	-0.000118044
11.1	2	4.20062e-06	-2.25172e-07
11.15	0	5.93957e-05	-0.000118292
11.15	1	2.86356e-12	-0.000118516
11.15	2	4.20062e-06	-2.24163e-07
11.2	0	5.95334e-05	-0.000118434
11.2	1	2.86388e-12	-0.000118657
11.2	2	4.20062e-06	-2.23163e-07
11.25	0	5.93304e-05	-0.000118225
11.25	1	2.8642e-12	-0.000118447
11.25	2	4.20062e-06	-2.22172e-07
11.3	0	5.88123e-05	-0.000117693
11.3	1	2.86452e-12	-0.000117914
11.3	2	4.20062e-06	-2.21189e-07
11.35	0	5.80425e-05	-0.000116903
11.35	1	2.86484e-12	-0.000117123
11.35	2	4.20062e-06	-2.20216e-07
11.4	0	5.711e-05	-0.000115947
11.4	1	2.86515e-12	-0.000116167
11.4	2	4.20062e-06	-2.1925e-07
11.45	0	5.61144e-05	-0.000114928
11.45	1	2.86546e-12	-0.000115147
11.45	2	4.20062e-06	-2.18294e-07
11.5	0	5.51527e-05	-0.000113945
11.5	1	2.86576e-12	-0.000114162
11.5	2	4.20062e-06	-2.17345e-07
11.55	0	5.43096e-05	-0.000113084
11.55	1	2.86607e-12	-0.000113301
11.55	2	4.20062e-06	-2.16405e-07
11.6	0	5.36527e-05	-0.000112414
11.6	1	2.86637e-12	-0.00011263
11.6	2	4.20062e-06	-2.15473e-07
11.65	0	5.32302e-05	-0.000111983
11.65	1	2.86667e-12	-0.000112198
11.65	2	4.20062e-06	-2.14549e-07
11.7	0	5.30713e-05	-0.000111821
11.7	1	2.86697e-12	-0.000112035
11.7	2	4.20062e-06	-2.13632e-07
11.75	0	5.31864e-05	-0.000111939
11.75	1	2.86726e-12	-0.000112151
11.75	2	4.20062e-06	-2.12724e-07
11.8	0	5.35679e-05	-0.000112328
11.8	1	2.86755e-12	-0.00011254
11.8	2	4.20062e-06	-2.11823e-07
11.85	0	5.41898e-05	-0.000112962
11.85	1	2.86784e-12	-0.000113173
11.85	2	4.20062e-06	-2.1093e-07
11.9	0	5.5007e-05	-0.000113796
11.9	1	2.86813e-12	-0.000114006
11.9	2	4.20062e-06	-2.10044e-07
11.95	0	5.59549e-05	-0.000114765
11.95	1	2.86841e-12	-0.000114974
11.95	2	4.20062e-06	-2.09166e-07
12	0	5.69514e-05	-0.000115785
12	1	2.8687e-12	-0.000115993
12	2	4.20062e-06	-2.08295e-07
12.05	0	5.79009e-05	-0.000116758
12.05	1	2.86898e-12	-0.000116965
12.05	2	4.20062e-06	-2.07431e-07
12.1	0	5.87033e-05	-0.000117581
12.1	1	2.86925e-12	-0.000117788
12.1	2	4.20062e-06	-2.06574e-07
12.15	0	5.9267e-05	-0.00011816
12.15	1	2.86953e-12	-0.000118366
12.15	2	4.20062e-06	-2.05725e-07
12.2	0	5.95236e-05	-0.000118424
12.2	1	2.8698e-12	-0.000118628
12.2	2	4.20062e-06	-2.04882e-07
12.25	0	5.94407e-05	-0.000118338
12.25	1	2.87007e-12	-0.000118542
12.25	2	4.20062e-06	-2.04046e-07
12.3	0	5.90289e-05	-0.000117915
12.3	1	2.87034e-12	-0.000118119
12.3	2	4.20062e-06	-2.03217e-07
12.35	0	5.83393e-05	-0.000117207
12.35	1	2.87061e-12	-0.00011741
12.35	2	4.20062e-06	-2.02395e-07
12.4	0	5.74533e-05	-0.000116299
12.4	1	2.87087e-12	-0.000116501
12.4	2	4.20062e-06	-2.0158e-07
12.45	0	5.64686e-05	-0.000115291
12.45	1	2.87113e-12	-0.000115491
12.45	2	4.20062e-06	-2.0077e-07
12.5	0	5.54844e-05	-0.000114284
12.5	1	2.87139e-12	-0.000114484
12.5	2	4.20062e-06	-1.99968e-07
12.55	0	5.45905e-05	-0.000113371
12.55	1	2.87165e-12	-0.00011357
12.55	2	4.20062e-06	-1.99172e-07
12.6	0	5.38611e-05	-0.000112627
12.6	1	2.8719e-12	-0.000112825
12.6	2	4.20062e-06	-1.98382e-07
12.65	0	5.33511e-05	-0.000112107
12.65	1	2.87216e-12	-0.000112304
12.65	2	4.20062e-06	-1.97598e-07
12.7	0	5.30965e-05	-0.000111847
12.7	1	2.87241e-12	-0.000112044
12.7	2	4.20062e-06	-1.9682e-07
12.75	0	5.31143e-05	-0.000111865
12.75	1	2.87266e-12	-0.000112061
12.75	2	4.20062e-06	-1.96049e-07
12.8	0	5.34033e-05	-0.00011216
12.8	1	2.87291e-12	-0.000112355
12.8	2	4.20062e-06	-1.95284e-07
12.85	0	5.39441e-05	-0.000112711
12.85	1	2.87315e-12	-0.000112906
12.85	2	4.20062e-06	-1.94524e-07
12.9	0	5.46983e-05	-0.000113481
12.9	1	2.8734e-12	-0.000113675
12.9	2	4.20062e-06	-1.93771e-07
12.95	0	5.56084e-05	-0.000114411
12.95	1	2.87364e-12	-0.000114604
12.95	2	4.20062e-06	-1.93023e-07
13	0	5.65981e-05	-0.000115423
13	1	2.87388e-12	-0.000115616
13	2	4.20062e-06	-1.92281e-07
13.05	0	5.75757e-05	-0.000116424
13.05	1	2.87412e-12	-0.000116616
13.05	2	4.20062e-06	-1.91545e-07
13.1	0	5.84415e-05	-0.000117312
13.1	1	2.87435e-12	-0.000117503
13.1	2	4.20062e-06	-1.90814e-07
13.15	0	5.90993e-05	-0.000117988
13.15	1	2.87459e-12	-0.000118178
13.15	2	4.20062e-06	-1.90089e-07
13.2	0	5.94706e-05	-0.000118369
13.2	1	2.87482e-12	-0.000118558
13.2	2	4.20062e-06	-1.89369e-07
13.25	0	5.95092e-05	-0.000118409
13.25	1	2.87505e-12	-0.000118597
13.25	2	4.20062e-06	-1.88655e-07
13.3	0	5.92102e-05	-0.000118102
13.3	1	2.87528e-12	-0.00011829
13.3	2	4.20062e-06	-1.87946e-07
13.35	0	5.86112e-05	-0.000117486
13.35	1	2.87551e-12	-0.000117674
13.35	2	4.20062e-06	-1.87242e-07
13.4	0	5.77842e-05	-0.000116638
13.4	1	2.87574e-12	-0.000116825
13.4	2	4.20062e-06	-1.86544e-07
13.45	0	5.6823e-05	-0.000115653
13.45	1	2.87596e-12	-0.000115839
13.45	2	4.20062e-06	-1.85851e-07
13.5	0	5.58276e-05	-0.000114635
13.5	1	2.87618e-12	-0.00011482
13.5	2	4.20062e-06	-1.85163e-07
13.55	0	5.48923e-05	-0.000113679
13.55	1	2.8764e-12	-0.000113864
13.55	2	4.20062e-06	-1.8448e-07
13.6	0	5.40972e-05	-0.000112868
13.6	1	2.87662e-12	-0.000113051
13.6	2	4.20062e-06	-1.83802e-07
13.65	0	5.35043e-05	-0.000112263
13.65	1	2.87684e-12	-0.000112446
13.65	2	4.20062e-06	-1.83129e-07
13.7	0	5.31561e-05	-0.000111908
13.7	1	2.87706e-12	-0.00011209
13.7	2	4.20062e-06	-1.82461e-07
13.75	0	5.30765e-05	-0.000111827
13.75	1	2.87727e-12	-0.000112008
13.75	2	4.20062e-06	-1.81798e-07
13.8	0	5.32705e-05	-0.000112024
13.8	1	2.87748e-12	-0.000112206
13.8	2	4.20062e-06	-1.8114e-07
13.85	0	5.37254e-05	-0.000112488
13.85	1	2.8777e-12	-0.000112669
13.85	2	4.20062e-06	-1.80486e-07
13.9	0	5.44095e-05	-0.000113186
13.9	1	2.87791e-12	-0.000113366
13.9	2	4.20062e-06	-1.79837e-07
13.95	0	5.52721e-05	-0.000114067
13.95	1	2.87811e-12	-0.000114246
13.95	2	4.20062e-06	-1.79193e-07
14	0	5.62433e-05	-0.00011506
14	1	2.87832e-12	-0.000115239
14	2	4.20062e-06	-1.78553e-07
14.05	0	5.72364e-05	-0.000116077
14.05	1	2.87853e-12	-0.000116255
14.05	2	4.20062e-06	-1.77918e-07
14.1	0	5.81534e-05	-0.000117017
14.1	1	2.87873e-12	-0.000117194
14.1	2	4.20062e-06	-1.77287e-07
14.15	0	5.88952e-05	-0.000117778
14.15	1	2.87893e-12	-0.000117955
14.15	2	4.20062e-06	-1.76661e-07
14.2	0	5.93753e-05	-0.000118271
14.2	1	2.87913e-12	-0.000118447
14.2	2	4.20062e-06	-1.76039e-07
14.25	0	5.95348e-05	-0.000118435
14.25	1	2.87933e-12	-0.000118611
14.25	2	4.20062e-06	-1.75422e-07
14.3	0	5.93535e-05	-0.000118249
14.3	1	2.87953e-12	-0.000118424
14.3	2	4.20062e-06	-1.74809e-07
14.35	0	5.88542e-05	-0.000117736
14.35	1	2.87973e-12	-0.00011791
14.35	2	4.20062e-06	-1.742e-07
14.4	0	5.80981e-05	-0.00011696
14.4	1	2.87993e-12	-0.000117134
14.4	2	4.20062e-06	-1.73595e-07
14.45	0	5.71731e-05	-0.000116012
14.45	1	2.88012e-12	-0.000116185
14.45	2	4.20062e-06	-1.72995e-07
14.5	0	5.61786e-05	-0.000114994
14.5	1	2.88031e-12	-0.000115166
14.5	2	4.20062e-06	-1.72399e-07
14.55	0	5.52119e-05	-0.000114006
14.55	1	2.8805e-12	-0.000114178
14.55	2	4.20062e-06	-1.71806e-07
14.6	0	5.4359e-05	-0.000113135
14.6	1	2.88069e-12	-0.000113306
14.6	2	4.20062e-06	-1.71218e-07
14.65	0	5.36885e-05	-0.000112451
14.65	1	2.88088e-12	-0.000112621
14.65	2	4.20062e-06	-1.70634e-07
14.7	0	5.32498e-05	-0.000112003
14.7	1	2.88107e-12	-0.000112173
14.7	2	4.20062e-06	-1.70054e-07
14.75	0	5.30733e-05	-0.000111823
14.75	1	2.88126e-12	-0.000111993
14.75	2	4.20062e-06	-1.69478e-07
14.8	0	5.31707e-05	-0.000111923
14.8	1	2.88144e-12	-0.000112092
14.8	2	4.20062e-06	-1.68905e-07
14.85	0	5.35357e-05	-0.000112295
14.85	1	2.88163e-12	-0.000112463
14.85	2	4.20062e-06	-1.68337e-07
14.9	0	5.41433e-05	-0.000112915
14.9	1	2.88181e-12	-0.000113082
14.9	2	4.20062e-06	-1.67772e-07
14.95	0	5.49496e-05	-0.000113738
14.95	1	2.88199e-12	-0.000113905
14.95	2	4.20062e-06	-1.67211e-07
15	0	5.58914e-05	-0.0001147
15	1	2.88217e-12	-0.000114867
15	2	4.20062e-06	-1.66654e-07
15.05	0	5.68875e-05	-0.00011572
15.05	1	2.88235e-12	-0.000115886
15.05	2	4.20062e-06	-1.66101e-07
15.1	0	5.7843e-05	-0.000116699
15.1	1	2.88253e-12	-0.000116864
15.1	2	4.20062e-06	-1.65551e-07
15.15	0	5.86579e-05	-0.000117534
15.15	1	2.8827e-12	-0.000117699
15.15	2	4.20062e-06	-1.65005e-07
15.2	0	5.92394e-05	-0.000118132
15.2	1	2.88288e-12	-0.000118296
15.2	2	4.20062e-06	-1.64462e-07
15.25	0	5.95171e-05	-0.000118417
15.25	1	2.88305e-12	-0.000118581
15.25	2	4.20062e-06	-1.63923e-07
15.3	0	5.94563e-05	-0.000118354
15.3	1	2.88323e-12	-0.000118518
15.3	2	4.20062e-06	-1.63388e-07
15.35	0	5.90646e-05	-0.000117952
15.35	1	2.8834e-12	-0.000118115
15.35	2	4.20062e-06	-1.62856e-07
15.4	0	5.83907e-05	-0.00011726
15.4	1	2.88357e-12	-0.000117422
15.4	2	4.20062e-06	-1.62327e-07
15.45	0	5.75145e-05	-0.000116362
15.45	1	2.88374e-12	-0.000116524
15.45	2	4.20062e-06	-1.61802e-07
15.5	0	5.65332e-05	-0.000115357
15.5	1	2.88391e-12	-0.000115518
15.5	2	4.20062e-06	-1.6128e-07
15.55	0	5.5546e-05	-0.000114347
15.55	1	2.88408e-12	-0.000114508
15.55	2	4.20062e-06	-1.60762e-07
15.6	0	5.46439e-05	-0.000113426
15.6	1	2.88424e-12	-0.000113586
15.6	2	4.20062e-06	-1.60247e-07
15.65	0	5.3902e-05	-0.000112668
15.65	1	2.88441e-12	-0.000112828
15.65	2	4.20062e-06	-1.59735e-07
15.7	0	5.33766e-05	-0.000112133
15.7	1	2.88457e-12	-0.000112292
15.7	2	4.20062e-06	-1.59227e-07
15.75	0	5.31048e-05	-0.000111855
15.75	1	2.88474e-12	-0.000112014
15.75	2	4.20062e-06	-1.58721e-07
15.8	0	5.31048e-05	-0.000111856
15.8	1	2.8849e-12	-0.000112014
15.8	2	4.20062e-06	-1.58219e-07
15.85	0	5.33768e-05	-0.000112133
15.85	1	2.88506e-12	-0.00011229
15.85	2	4.20062e-06	-1.5772e-07
15.9	0	5.39023e-05	-0.000112669
15.9	1	2.88522e-12	-0.000112826
15.9	2	4.20062e-06	-1.57224e-07
15.95	0	5.46443e-05	-0.000113426
15.95	1	2.88538e-12	-0.000113583
15.95	2	4.20062e-06	-1.56732e-07
16	0	5.55464e-05	-0.000114348
16	1	2.88554e-12	-0.000114504
16	2	4.20062e-06	-1.56242e-07
16.05	0	5.65336e-05	-0.000115357
16.05	1	2.88569e-12	-0.000115513
16.05	2	4.20062e-06	-1.55756e-07
16.1	0	5.75149e-05	-0.000116362
16.1	1	2.88585e-12	-0.000116518
16.1	2	4.20062e-06	-1.55272e-07
16.15	0	5.8391e-05	-0.000117261
16.15	1	2.88601e-12	-0.000117415
16.15	2	4.20062e-06	-1.54791e-07
16.2	0	5.90648e-05	-0.000117952
16.2	1	2.88616e-12	-0.000118107
16.2	2	4.20062e-06	-1.54314e-07
16.25	0	5.94564e-05	-0.000118354
16.25	1	2.88631e-12	-0.000118508
16.25	2	4.20062e-06	-1.53839e-07
16.3	0	5.95171e-05	-0.000118417
16.3	1	2.88647e-12	-0.00011857
16.3	2	4.20062e-06	-1.53367e-07
16.35	0	5.92392e-05	-0.000118131
16.35	1	2.88662e-12	-0.000118284
16.35	2	4.20062e-06	-1.52899e-07
16.4	0	5.86576e-05	-0.000117534
16.4	1	2.88677e-12	-0.000117686
16.4	2	4.20062e-06	-1.52433e-07
16.45	0	5.78427e-05	-0.000116698
16.45	1	2.88692e-12	-0.00011685
16.45	2	4.20062e-06	-1.51969e-07
16.5	0	5.68871e-05	-0.000115719
16.5	1	2.88707e-12	-0.000115871
16.5	2	4.20062e-06	-1.51509e-07
16.55	0	5.5891e-05	-0.0001147
16.55	1	2.88721e-12	-0.000114851
16.55	2	4.20062e-06	-1.51052e-07
16.6	0	5.49492e-05	-0.000113737
16.6	1	2.88736e-12	-0.000113888
16.6	2	4.20062e-06	-1.50597e-07
16.65	0	5.4143e-05	-0.000112914
16.65	1	2.88751e-12	-0.000113064
16.65	2	4.20062e-06	-1.50145e-07
16.7	0	5.35355e-05	-0.000112295
16.7	1	2.88765e-12	-0.000112444
16.7	2	4.20062e-06	-1.49695e-07
16.75	0	5.31707e-05	-0.000111923
16.75	1	2.8878e-12	-0.000112072
16.75	2	4.20062e-06	-1.49249e-07
16.8	0	5.30733e-05	-0.000111823
16.8	1	2.88794e-12	-0.000111972
16.8	2	4.20062e-06	-1.48804e-07
16.85	0	5.32499e-05	-0.000112003
16.85	1	2.88808e-12	-0.000112152
16.85	2	4.20062e-06	-1.48363e-07
16.9	0	5.36887e-05	-0.000112451
16.9	1	2.88823e-12	-0.000112599
16.9	2	4.20062e-06	-1.47924e-07
16.95	0	5.43593e-05	-0.000113135
16.95	1	2.88837e-12	-0.000113283
16.95	2	4.20062e-06	-1.47488e-07
17	0	5.52123e-05	-0.000114006
17	1	2.88851e-12	-0.000114153
17	2	4.20062e-06	-1.47054e-07
17.05	0	5.6179e-05	-0.000114994
17.05	1	2.88865e-12	-0.000115141
17.05	2	4.20062e-06	-1.46623e-07
17.1	0	5.71735e-05	-0.000116012
17.1	1	2.88878e-12	-0.000116159
17.1	2	4.20062e-06	-1.46195e-07
17.15	0	5.80985e-05	-0.00011696
17.15	1	2.88892e-12	-0.000117106
17.15	2	4.20062e-06	-1.45769e-07
17.2	0	5.88544e-05	-0.000117736
17.2	1	2.88906e-12	-0.000117882
17.2	2	4.20062e-06	-1.45345e-07
17.25	0	5.93536e-05	-0.000118249
17.25	1	2.8892e-12	-0.000118394
17.25	2	4.20062e-06	-1.44924e-07
17.3	0	5.95348e-05	-0.000118435
17.3	1	2.88933e-12	-0.00011858
17.3	2	4.20062e-06	-1.44505e-07
17.35	0	5.93752e-05	-0.000118271
17.35	1	2.88947e-12	-0.000118415
17.35	2	4.20062e-06	-1.44089e-07
17.4	0	5.88949e-05	-0.000117778
17.4	1	2.8896e-12	-0.000117921
17.4	2	4.20062e-06	-1.43675e-07
17.45	0	5.8153e-05	-0.000117016
17.45	1	2.88973e-12	-0.00011716
17.45	2	4.20062e-06	-1.43263e-07
17.5	0	5.7236e-05	-0.000116076
17.5	1	2.88986e-12	-0.000116219
17.5	2	4.20062e-06	-1.42854e-07
17.55	0	5.62429e-05	-0.00011506
17.55	1	2.89e-12	-0.000115202
17.55	2	4.20062e-06	-1.42447e-07
17.6	0	5.52717e-05	-0.000114067
17.6	1	2.89013e-12	-0.000114209
17.6	2	4.20062e-06	-1.42043e-07
17.65	0	5.44092e-05	-0.000113186
17.65	1	2.89026e-12	-0.000113328
17.65	2	4.20062e-06	-1.4164e-07
17.7	0	5.37252e-05	-0.000112488
17.7	1	2.89039e-12	-0.000112629
17.7	2	4.20062e-06	-1.4124e-07
17.75	0	5.32704e-05	-0.000112024
17.75	1	2.89051e-12	-0.000112165
17.75	2	4.20062e-06	-1.40843e-07
17.8	0	5.30765e-05	-0.000111827
17.8	1	2.89064e-12	-0.000111967
17.8	2	4.20062e-06	-1.40447e-07
17.85	0	5.31562e-05	-0.000111908
17.85	1	2.89077e-12	-0.000112048
17.85	2	4.20062e-06	-1.40054e-07
17.9	0	5.35045e-05	-0.000112263
17.9	1	2.8909e-12	-0.000112403
17.9	2	4.20062e-06	-1.39663e-07
17.95	0	5.40975e-05	-0.000112868
17.95	1	2.89102e-12	-0.000113007
17.95	2	4.20062e-06	-1.39274e-07
18	0	5.48927e-05	-0.00011368
18	1	2.89115e-12	-0.000113819
18	2	4.20062e-06	-1.38887e-07
18.05	0	5.5828e-05	-0.000114636
18.05	1	2.89127e-12	-0.000114774
18.05	2	4.20062e-06	-1.38502e-07
18.1	0	5.68234e-05	-0.000115654
18.1	1	2.89139e-12	-0.000115792
18.1	2	4.20062e-06	-1.3812e-07
18.15	0	5.77846e-05	-0.000116639
18.15	1	2.89152e-12	-0.000116776
18.15	2	4.20062e-06	-1.37739e-07
18.2	0	5.86115e-05	-0.000117487
18.2	1	2.89164e-12	-0.000117624
18.2	2	4.20062e-06	-1.37361e-07
18.25	0	5.92104e-05	-0.000118102
18.25	1	2.89176e-12	-0.000118239
18.25	2	4.20062e-06	-1.36985e-07
18.3	0	5.95092e-05	-0.000118409
18.3	1	2.89188e-12	-0.000118545
18.3	2	4.20062e-06	-1.36611e-07
18.35	0	5.94705e-05	-0.000118369
18.35	1	2.892e-12	-0.000118505
18.35	2	4.20062e-06	-1.36239e-07
18.4	0	5.9099e-05	-0.000117987
18.4	1	2.89212e-12	-0.000118123
18.4	2	4.20062e-06	-1.35868e-07
18.45	0	5.84412e-05	-0.000117312
18.45	1	2.89224e-12	-0.000117447
18.45	2	4.20062e-06	-1.355e-07
18.5	0	5.75753e-05	-0.000116424
18.5	1	2.89236e-12	-0.000116559
18.5	2	4.20062e-06	-1.35134e-07
18.55	0	5.65977e-05	-0.000115423
18.55	1	2.89248e-12	-0.000115557
18.55	2	4.20062e-06	-1.3477e-07
18.6	0	5.5608e-05	-0.00011441
18.6	1	2.89259e-12	-0.000114545
18.6	2	4.20062e-06	-1.34408e-07
18.65	0	5.4698e-05	-0.000113481
18.65	1	2.89271e-12	-0.000113615
18.65	2	4.20062e-06	-1.34048e-07
18.7	0	5.39438e-05	-0.000112711
18.7	1	2.89283e-12	-0.000112845
18.7	2	4.20062e-06	-1.33689e-07
18.75	0	5.34031e-05	-0.00011216
18.75	1	2.89294e-12	-0.000112293
18.75	2	4.20062e-06	-1.33333e-07
18.8	0	5.31142e-05	-0.000111865
18.8	1	2.89306e-12	-0.000111998
18.8	2	4.20062e-06	-1.32978e-07
18.85	0	5.30966e-05	-0.000111847
18.85	1	2.89317e-12	-0.00011198
18.85	2	4.20062e-06	-1.32626e-07
18.9	0	5.33513e-05	-0.000112107
18.9	1	2.89328e-12	-0.000112239
18.9	2	4.20062e-06	-1.32275e-07
18.95	0	5.38614e-05	-0.000112627
18.95	1	2.8934e-12	-0.000112759
18.95	2	4.20062e-06	-1.31926e-07
19	0	5.45909e-05	-0.000113371
19	1	2.89351e-12	-0.000113503
19	2	4.20062e-06	-1.31579e-07
19.05	0	5.54848e-05	-0.000114285
19.05	1	2.89362e-12	-0.000114416
19.05	2	4.20062e-06	-1.31234e-07
19.1	0	5.64691e-05	-0.000115291
19.1	1	2.89373e-12	-0.000115422
19.1	2	4.20062e-06	-1.3089e-07
19.15	0	5.74537e-05	-0.0001163
19.15	1	2.89384e-12	-0.00011643
19.15	2	4.20062e-06	-1.30549e-07
19.2	0	5.83396e-05	-0.000117208
19.2	1	2.89395e-12	-0.000117338
19.2	2	4.20062e-06	-1.30209e-07
19.25	0	5.90291e-05	-0.000117916
19.25	1	2.89406e-12	-0.000118045
19.25	2	4.20062e-06	-1.29871e-07
19.3	0	5.94408e-05	-0.000118338
19.3	1	2.89417e-12	-0.000118468
19.3	2	4.20062e-06	-1.29534e-07
19.35	0	5.95235e-05	-0.000118423
19.35	1	2.89428e-12	-0.000118553
19.35	2	4.20062e-06	-1.292e-07
19.4	0	5.92668e-05	-0.00011816
19.4	1	2.89438e-12	-0.000118289
19.4	2	4.20062e-06	-1.28867e-07
19.45	0	5.8703e-05	-0.000117581
19.45	1	2.89449e-12	-0.000117709
19.45	2	4.20062e-06	-1.28535e-07
19.5	0	5.79005e-05	-0.000116757
19.5	1	2.8946e-12	-0.000116886
19.5	2	4.20062e-06	-1.28206e-07
19.55	0	5.6951e-05	-0.000115784
19.55	1	2.8947e-12	-0.000115912
19.55	2	4.20062e-06	-1.27878e-07
19.6	0	5.59545e-05	-0.000114765
19.6	1	2.89481e-12	-0.000114892
19.6	2	4.20062e-06	-1.27552e-07
19.65	0	5.50066e-05	-0.000113796
19.65	1	2.89491e-12	-0.000113923
19.65	2	4.20062e-06	-1.27228e-07
19.7	0	5.41896e-05	-0.000112962
19.7	1	2.89502e-12	-0.000113089
19.7	2	4.20062e-06	-1.26905e-07
19.75	0	5.35677e-05	-0.000112327
19.75	1	2.89512e-12	-0.000112454
19.75	2	4.20062e-06	-1.26583e-07
19.8	0	5.31863e-05	-0.000111939
19.8	1	2.89522e-12	-0.000112065
19.8	2	4.20062e-06	-1.26264e-07
19.85	0	5.30713e-05	-0.000111821
19.85	1	2.89533e-12	-0.000111947
19.85	2	4.20062e-06	-1.25946e-07
19.9	0	5.32304e-05	-0.000111984
19.9	1	2.89543e-12	-0.000112109
19.9	2	4.20062e-06	-1.2563e-07
19.95	0	5.3653e-05	-0.000112414
19.95	1	2.89553e-12	-0.00011254
19.95	2	4.20062e-06	-1.25315e-07
20	0	5.431e-05	-0.000113085
20	1	2.89563e-12	-0.00011321
20	2	4.20062e-06	-1.25002e-07
20.05	0	5.51531e-05	-0.000113946
20.05	1	2.89573e-12	-0.00011407
20.05	2	4.20062e-06	-1.2469e-07
20.1	0	5.61148e-05	-0.000114929
20.1	1	2.89583e-12	-0.000115053
20.1	2	4.20062e-06	-1.2438e-07
20.15	0	5.71104e-05	-0.000115948
20.15	1	2.89593e-12	-0.000116072
20.15	2	4.20062e-06	-1.24071e-07
20.2	0	5.80429e-05	-0.000116903
20.2	1	2.89603e-12	-0.000117027
20.2	2	4.20062e-06	-1.23764e-07
20.25	0	5.88126e-05	-0.000117693
20.25	1	2.89613e-12	-0.000117817
20.25	2	4.20062e-06	-1.23459e-07
20.3	0	5.93305e-05	-0.000118225
20.3	1	2.89623e-12	-0.000118348
20.3	2	4.20062e-06	-1.23155e-07
20.35	0	5.95334e-05	-0.000118434
20.35	1	2.89633e-12	-0.000118556
20.35	2	4.20062e-06	-1.22852e-07
20.4	0	5.93956e-05	-0.000118292
20.4	1	2.89642e-12	-0.000118415
20.4	2	4.20062e-06	-1.22551e-07
20.45	0	5.89346e-05	-0.000117818
20.45	1	2.89652e-12	-0.000117941
20.45	2	4.20062e-06	-1.22251e-07
20.5	0	5.82071e-05	-0.000117072
20.5	1	2.89662e-12	-0.000117194
20.5	2	4.20062e-06	-1.21953e-07
20.55	0	5.72985e-05	-0.00011614
20.55	1	2.89671e-12	-0.000116262
20.55	2	4.20062e-06	-1.21657e-07
20.6	0	5.63073e-05	-0.000115126
20.6	1	2.89681e-12	-0.000115247
20.6	2	4.20062e-06	-1.21361e-07
20.65	0	5.53319e-05	-0.000114128
20.65	1	2.8969e-12	-0.000114249
20.65	2	4.20062e-06	-1.21068e-07
20.7	0	5.44601e-05	-0.000113238
20.7	1	2.897e-12	-0.000113359
20.7	2	4.20062e-06	-1.20775e-07
20.75	0	5.37628e-05	-0.000112526
20.75	1	2.89709e-12	-0.000112647
20.75	2	4.20062e-06	-1.20484e-07
20.8	0	5.32921e-05	-0.000112046
20.8	1	2.89718e-12	-0.000112167
20.8	2	4.20062e-06	-1.20195e-07
20.85	0	5.30808e-05	-0.000111831
20.85	1	2.89728e-12	-0.000111951
20.85	2	4.20062e-06	-1.19907e-07
20.9	0	5.31429e-05	-0.000111894
20.9	1	2.89737e-12	-0.000112014
20.9	2	4.20062e-06	-1.1962e-07
20.95	0	5.34743e-05	-0.000112232
20.95	1	2.89746e-12	-0.000112352
20.95	2	4.20062e-06	-1.19334e-07
21	0	5.40527e-05	-0.000112822
21	1	2.89755e-12	-0.000112941
21	2	4.20062e-06	-1.1905e-07
21.05	0	5.48365e-05	-0.000113622
21.05	1	2.89765e-12	-0.000113741
21.05	2	4.20062e-06	-1.18768e-07
21.1	0	5.5765e-05	-0.000114571
21.1	1	2.89774e-12	-0.00011469
21.1	2	4.20062e-06	-1.18486e-07
21.15	0	5.67592e-05	-0.000115588
21.15	1	2.89783e-12	-0.000115706
21.15	2	4.20062e-06	-1.18206e-07
21.2	0	5.77256e-05	-0.000116578
21.2	1	2.89792e-12	-0.000116696
21.2	2	4.20062e-06	-1.17927e-07
21.25	0	5.85641e-05	-0.000117438
21.25	1	2.89801e-12	-0.000117556
21.25	2	4.20062e-06	-1.1765e-07
21.3	0	5.91802e-05	-0.000118071
21.3	1	2.8981e-12	-0.000118188
21.3	2	4.20062e-06	-1.17374e-07
21.35	0	5.94999e-05	-0.000118399
21.35	1	2.89818e-12	-0.000118516
21.35	2	4.20062e-06	-1.17099e-07
21.4	0	5.94833e-05	-0.000118382
21.4	1	2.89827e-12	-0.000118499
21.4	2	4.20062e-06	-1.16825e-07
21.45	0	5.91323e-05	-0.000118022
21.45	1	2.89836e-12	-0.000118138
21.45	2	4.20062e-06	-1.16553e-07
21.5	0	5.84908e-05	-0.000117363
21.5	1	2.89845e-12	-0.000117479
21.5	2	4.20062e-06	-1.16282e-07
21.55	0	5.76356e-05	-0.000116486
21.55	1	2.89853e-12	-0.000116602
21.55	2	4.20062e-06	-1.16012e-07
21.6	0	5.66621e-05	-0.000115489
21.6	1	2.89862e-12	-0.000115604
21.6	2	4.20062e-06	-1.15744e-07
21.65	0	5.56704e-05	-0.000114474
21.65	1	2.89871e-12	-0.00011459
21.65	2	4.20062e-06	-1.15477e-07
21.7	0	5.47527e-05	-0.000113537
21.7	1	2.89879e-12	-0.000113652
21.7	2	4.20062e-06	-1.15211e-07
21.75	0	5.39866e-05	-0.000112755
21.75	1	2.89888e-12	-0.00011287
21.75	2	4.20062e-06	-1.14946e-07
21.8	0	5.34307e-05	-0.000112188
21.8	1	2.89896e-12	-0.000112302
21.8	2	4.20062e-06	-1.14682e-07
21.85	0	5.31248e-05	-0.000111876
21.85	1	2.89905e-12	-0.00011199
21.85	2	4.20062e-06	-1.1442e-07
21.9	0	5.30894e-05	-0.00011184
21.9	1	2.89913e-12	-0.000111954
21.9	2	4.20062e-06	-1.14159e-07
21.95	0	5.33269e-05	-0.000112082
21.95	1	2.89922e-12	-0.000112196
21.95	2	4.20062e-06	-1.13899e-07
22	0	5.38214e-05	-0.000112586
22	1	2.8993e-12	-0.0001127
22	2	4.20062e-06	-1.1364e-07
22.05	0	5.45382e-05	-0.000113318
22.05	1	2.89938e-12	-0.000113431
22.05	2	4.20062e-06	-1.13382e-07
22.1	0	5.54236e-05	-0.000114222
22.1	1	2.89947e-12	-0.000114335
22.1	2	4.20062e-06	-1.13126e-07
22.15	0	5.64045e-05	-0.000115225
22.15	1	2.89955e-12	-0.000115338
22.15	2	4.20062e-06	-1.12871e-07
22.2	0	5.73921e-05	-0.000116236
22.2	1	2.89963e-12	-0.000116349
22.2	2	4.20062e-06	-1.12616e-07
22.25	0	5.82874e-05	-0.000117154
22.25	1	2.89971e-12	-0.000117267
22.25	2	4.20062e-06	-1.12363e-07
22.3	0	5.89923e-05	-0.000117878
22.3	1	2.89979e-12	-0.00011799
22.3	2	4.20062e-06	-1.12111e-07
22.35	0	5.94238e-05	-0.000118321
22.35	1	2.89988e-12	-0.000118433
22.35	2	4.20062e-06	-1.11861e-07
22.4	0	5.95285e-05	-0.000118429
22.4	1	2.89996e-12	-0.00011854
22.4	2	4.20062e-06	-1.11611e-07
22.45	0	5.92932e-05	-0.000118187
22.45	1	2.90004e-12	-0.000118298
22.45	2	4.20062e-06	-1.11362e-07
22.5	0	5.87474e-05	-0.000117626
22.5	1	2.90012e-12	-0.000117737
22.5	2	4.20062e-06	-1.11115e-07
22.55	0	5.79577e-05	-0.000116816
22.55	1	2.9002e-12	-0.000116927
22.55	2	4.20062e-06	-1.10869e-07
22.6	0	5.70147e-05	-0.00011585
22.6	1	2.90027e-12	-0.00011596
22.6	2	4.20062e-06	-1.10623e-07
22.65	0	5.60183e-05	-0.00011483
22.65	1	2.90035e-12	-0.00011494
22.65	2	4.20062e-06	-1.10379e-07
22.7	0	5.50646e-05	-0.000113855
22.7	1	2.90043e-12	-0.000113965
22.7	2	4.20062e-06	-1.10136e-07
22.75	0	5.4237e-05	-0.00011301
22.75	1	2.90051e-12	-0.00011312
22.75	2	4.20062e-06	-1.09894e-07
22.8	0	5.3601e-05	-0.000112361
22.8	1	2.90059e-12	-0.000112471
22.8	2	4.20062e-06	-1.09653e-07
22.85	0	5.32031e-05	-0.000111956
22.85	1	2.90067e-12	-0.000112065
22.85	2	4.20062e-06	-1.09413e-07
22.9	0	5.30705e-05	-0.00011182
22.9	1	2.90074e-12	-0.00011193
22.9	2	4.20062e-06	-1.09175e-07
22.95	0	5.3212e-05	-0.000111965
22.95	1	2.90082e-12	-0.000112074
22.95	2	4.20062e-06	-1.08937e-07
23	0	5.36183e-05	-0.000112379
23	1	2.9009e-12	-0.000112488
23	2	4.20062e-06	-1.087e-07
23.05	0	5.42614e-05	-0.000113035
23.05	1	2.90097e-12	-0.000113144
23.05	2	4.20062e-06	-1.08464e-07
23.1	0	5.50943e-05	-0.000113886
23.1	1	2.90105e-12	-0.000113994
23.1	2	4.20062e-06	-1.08229e-07
23.15	0	5.60508e-05	-0.000114863
23.15	1	2.90112e-12	-0.000114971
23.15	2	4.20062e-06	-1.07996e-07
23.2	0	5.70471e-05	-0.000115883
23.2	1	2.9012e-12	-0.000115991
23.2	2	4.20062e-06	-1.07763e-07
23.25	0	5.79866e-05	-0.000116846
23.25	1	2.90127e-12	-0.000116953
23.25	2	4.20062e-06	-1.07531e-07
23.3	0	5.87697e-05	-0.000117649
23.3	1	2.90135e-12	-0.000117757
23.3	2	4.20062e-06	-1.07301e-07
23.35	0	5.93061e-05	-0.0001182
23.35	1	2.90142e-12	-0.000118307
23.35	2	4.20062e-06	-1.07071e-07
23.4	0	5.95305e-05	-0.000118431
23.4	1	2.9015e-12	-0.000118538
23.4	2	4.20062e-06	-1.06842e-07
23.45	0	5.94146e-05	-0.000118312
23.45	1	2.90157e-12	-0.000118418
23.45	2	4.20062e-06	-1.06614e-07
23.5	0	5.89731e-05	-0.000117858
23.5	1	2.90164e-12	-0.000117964
23.5	2	4.20062e-06	-1.06388e-07
23.55	0	5.82605e-05	-0.000117127
23.55	1	2.90172e-12	-0.000117233
23.55	2	4.20062e-06	-1.06162e-07
23.6	0	5.73606e-05	-0.000116204
23.6	1	2.90179e-12	-0.00011631
23.6	2	4.20062e-06	-1.05937e-07
23.65	0	5.63717e-05	-0.000115192
23.65	1	2.90186e-12	-0.000115297
23.65	2	4.20062e-06	-1.05713e-07
23.7	0	5.53925e-05	-0.00011419
23.7	1	2.90193e-12	-0.000114296
23.7	2	4.20062e-06	-1.0549e-07
23.75	0	5.45117e-05	-0.000113291
23.75	1	2.902e-12	-0.000113396
23.75	2	4.20062e-06	-1.05268e-07
23.8	0	5.38014e-05	-0.000112566
23.8	1	2.90207e-12	-0.000112671
23.8	2	4.20062e-06	-1.05047e-07
23.85	0	5.33149e-05	-0.00011207
23.85	1	2.90215e-12	-0.000112174
23.85	2	4.20062e-06	-1.04827e-07
23.9	0	5.30862e-05	-0.000111837
23.9	1	2.90222e-12	-0.000111941
23.9	2	4.20062e-06	-1.04607e-07
23.95	0	5.31306e-05	-0.000111882
23.95	1	2.90229e-12	-0.000111986
23.95	2	4.20062e-06	-1.04389e-07
24	0	5.34452e-05	-0.000112202
24	1	2.90236e-12	-0.000112307
24	2	4.20062e-06	-1.04171e-07
24.05	0	5.40086e-05	-0.000112777
24.05	1	2.90243e-12	-0.000112881
24.05	2	4.20062e-06	-1.03955e-07
24.1	0	5.47808e-05	-0.000113565
24.1	1	2.9025e-12	-0.000113669
24.1	2	4.20062e-06	-1.03739e-07
24.15	0	5.57022e-05	-0.000114507
24.15	1	2.90257e-12	-0.00011461
24.15	2	4.20062e-06	-1.03525e-07
24.2	0	5.66949e-05	-0.000115522
24.2	1	2.90264e-12	-0.000115626
24.2	2	4.20062e-06	-1.03311e-07
24.25	0	5.76661e-05	-0.000116517
24.25	1	2.9027e-12	-0.00011662
24.25	2	4.20062e-06	-1.03098e-07
24.3	0	5.85158e-05	-0.000117389
24.3	1	2.90277e-12	-0.000117491
24.3	2	4.20062e-06	-1.02886e-07
24.35	0	5.91488e-05	-0.000118038
24.35	1	2.90284e-12	-0.000118141
24.35	2	4.20062e-06	-1.02674e-07
24.4	0	5.94892e-05	-0.000118388
24.4	1	2.90291e-12	-0.000118491
24.4	2	4.20062e-06	-1.02464e-07
24.45	0	5.94947e-05	-0.000118394
24.45	1	2.90298e-12	-0.000118496
24.45	2	4.20062e-06	-1.02254e-07
24.5	0	5.91643e-05	-0.000118054
24.5	1	2.90304e-12	-0.000118157
24.5	2	4.20062e-06	-1.02046e-07
24.55	0	5.85396e-05	-0.000117413
24.55	1	2.90311e-12	-0.000117515
24.55	2	4.20062e-06	-1.01838e-07
24.6	0	5.76953e-05	-0.000116547
24.6	1	2.90318e-12	-0.000116649
24.6	2	4.20062e-06	-1.01631e-07
24.65	0	5.67265e-05	-0.000115555
24.65	1	2.90324e-12	-0.000115656
24.65	2	4.20062e-06	-1.01425e-07
24.7	0	5.5733e-05	-0.000114538
24.7	1	2.90331e-12	-0.000114639
24.7	2	4.20062e-06	-1.0122e-07
24.75	0	5.4808e-05	-0.000113593
24.75	1	2.90338e-12	-0.000113694
24.75	2	4.20062e-06	-1.01015e-07
24.8	0	5.40301e-05	-0.000112799
24.8	1	2.90344e-12	-0.0001129
24.8	2	4.20062e-06	-1.00812e-07
24.85	0	5.34594e-05	-0.000112217
24.85	1	2.90351e-12	-0.000112318
24.85	2	4.20062e-06	-1.00609e-07
24.9	0	5.31365e-05	-0.000111888
24.9	1	2.90357e-12	-0.000111988
24.9	2	4.20062e-06	-1.00407e-07
24.95	0	5.30834e-05	-0.000111834
24.95	1	2.90364e-12	-0.000111934
24.95	2	4.20062e-06	-1.00206e-07
25	0	5.33036e-05	-0.000112058
25	1	2.9037e-12	-0.000112158
25	2	4.20062e-06	-1.00005e-07
25.05	0	5.37823e-05	-0.000112546
25.05	1	2.90377e-12	-0.000112646
25.05	2	4.20062e-06	-9.98056e-08
25.1	0	5.44863e-05	-0.000113265
25.1	1	2.90383e-12	-0.000113364
25.1	2	4.20062e-06	-9.96068e-08
25.15	0	5.53627e-05	-0.00011416
25.15	1	2.90389e-12	-0.000114259
25.15	2	4.20062e-06	-9.94088e-08
25.2	0	5.63401e-05	-0.000115159
25.2	1	2.90396e-12	-0.000115258
25.2	2	4.20062e-06	-9.92116e-08
25.25	0	5.73302e-05	-0.000116173
25.25	1	2.90402e-12	-0.000116272
25.25	2	4.20062e-06	-9.90152e-08
25.3	0	5.82344e-05	-0.0001171
25.3	1	2.90408e-12	-0.000117199
25.3	2	4.20062e-06	-9.88196e-08
25.35	0	5.89543e-05	-0.000117839
25.35	1	2.90415e-12	-0.000117937
25.35	2	4.20062e-06	-9.86247e-08
25.4	0	5.94054e-05	-0.000118302
25.4	1	2.90421e-12	-0.000118401
25.4	2	4.20062e-06	-9.84306e-08
25.45	0	5.95321e-05	-0.000118432
25.45	1	2.90427e-12	-0.000118531
25.45	2	4.20062e-06	-9.82372e-08
25.5	0	5.93182e-05	-0.000118213
25.5	1	2.90433e-12	-0.000118311
25.5	2	4.20062e-06	-9.80446e-08
25.55	0	5.87908e-05	-0.000117671
25.55	1	2.9044e-12	-0.000117769
25.55	2	4.20062e-06	-9.78528e-08
25.6	0	5.80143e-05	-0.000116874
25.6	1	2.90446e-12	-0.000116972
25.6	2	4.20062e-06	-9.76617e-08
25.65	0	5.70782e-05	-0.000115915
25.65	1	2.90452e-12	-0.000116012
25.65	2	4.20062e-06	-9.74713e-08
25.7	0	5.60822e-05	-0.000114895
25.7	1	2.90458e-12	-0.000114993
25.7	2	4.20062e-06	-9.72817e-08
25.75	0	5.51231e-05	-0.000113915
25.75	1	2.90464e-12	-0.000114012
25.75	2	4.20062e-06	-9.70928e-08
25.8	0	5.42852e-05	-0.000113059
25.8	1	2.9047e-12	-0.000113156
25.8	2	4.20062e-06	-9.69047e-08
25.85	0	5.36352e-05	-0.000112396
25.85	1	2.90476e-12	-0.000112493
25.85	2	4.20062e-06	-9.67173e-08
25.9	0	5.32209e-05	-0.000111974
25.9	1	2.90482e-12	-0.00011207
25.9	2	4.20062e-06	-9.65306e-08
25.95	0	5.30708e-05	-0.000111821
25.95	1	2.90488e-12	-0.000111917
25.95	2	4.20062e-06	-9.63446e-08
26	0	5.31947e-05	-0.000111947
26	1	2.90494e-12	-0.000112043
26	2	4.20062e-06	-9.61594e-08
26.05	0	5.35846e-05	-0.000112345
26.05	1	2.905e-12	-0.000112441
26.05	2	4.20062e-06	-9.59748e-08
26.1	0	5.42136e-05	-0.000112986
26.1	1	2.90506e-12	-0.000113082
26.1	2	4.20062e-06	-9.5791e-08
26.15	0	5.50361e-05	-0.000113826
26.15	1	2.90512e-12	-0.000113922
26.15	2	4.20062e-06	-9.56079e-08
26.2	0	5.5987e-05	-0.000114798
26.2	1	2.90518e-12	-0.000114893
26.2	2	4.20062e-06	-9.54254e-08
26.25	0	5.69835e-05	-0.000115818
26.25	1	2.90524e-12	-0.000115913
26.25	2	4.20062e-06	-9.52437e-08
26.3	0	5.79297e-05	-0.000116787
26.3	1	2.9053e-12	-0.000116882
26.3	2	4.20062e-06	-9.50626e-08
26.35	0	5.87257e-05	-0.000117604
26.35	1	2.90536e-12	-0.000117699
26.35	2	4.20062e-06	-9.48823e-08
26.4	0	5.92804e-05	-0.000118174
26.4	1	2.90541e-12	-0.000118268
26.4	2	4.20062e-06	-9.47026e-08
26.45	0	5.95262e-05	-0.000118426
26.45	1	2.90547e-12	-0.000118521
26.45	2	4.20062e-06	-9.45236e-08
26.5	0	5.94323e-05	-0.00011833
26.5	1	2.90553e-12	-0.000118424
26.5	2	4.20062e-06	-9.43453e-08
26.55	0	5.90105e-05	-0.000117896
26.55	1	2.90559e-12	-0.000117991
26.55	2	4.20062e-06	-9.41676e-08
26.6	0	5.83131e-05	-0.000117181
26.6	1	2.90564e-12	-0.000117275
26.6	2	4.20062e-06	-9.39906e-08
26.65	0	5.74224e-05	-0.000116267
26.65	1	2.9057e-12	-0.000116361
26.65	2	4.20062e-06	-9.38143e-08
26.7	0	5.64362e-05	-0.000115258
26.7	1	2.90576e-12	-0.000115351
26.7	2	4.20062e-06	-9.36387e-08
26.75	0	5.54536e-05	-0.000114253
26.75	1	2.90581e-12	-0.000114346
26.75	2	4.20062e-06	-9.34637e-08
26.8	0	5.4564e-05	-0.000113344
26.8	1	2.90587e-12	-0.000113437
26.8	2	4.20062e-06	-9.32893e-08
26.85	0	5.38409e-05	-0.000112606
26.85	1	2.90593e-12	-0.000112699
26.85	2	4.20062e-06	-9.31156e-08
26.9	0	5.33388e-05	-0.000112094
26.9	1	2.90598e-12	-0.000112187
26.9	2	4.20062e-06	-9.29425e-08
26.95	0	5.30928e-05	-0.000111843
26.95	1	2.90604e-12	-0.000111936
26.95	2	4.20062e-06	-9.27701e-08
27	0	5.31195e-05	-0.00011187
27	1	2.90609e-12	-0.000111963
27	2	4.20062e-06	-9.25984e-08
27.05	0	5.34171e-05	-0.000112174
27.05	1	2.90615e-12	-0.000112266
27.05	2	4.20062e-06	-9.24272e-08
27.1	0	5.39655e-05	-0.000112733
27.1	1	2.9062e-12	-0.000112825
27.1	2	4.20062e-06	-9.22567e-08
27.15	0	5.47258e-05	-0.000113509
27.15	1	2.90626e-12	-0.000113601
27.15	2	4.20062e-06	-9.20868e-08
27.2	0	5.56397e-05	-0.000114443
27.2	1	2.90631e-12	-0.000114535
27.2	2	4.20062e-06	-9.19176e-08
27.25	0	5.66305e-05	-0.000115456
27.25	1	2.90637e-12	-0.000115548
27.25	2	4.20062e-06	-9.17489e-08
27.3	0	5.7606e-05	-0.000116456
27.3	1	2.90642e-12	-0.000116547
27.3	2	4.20062e-06	-9.15809e-08
27.35	0	5.84666e-05	-0.000117338
27.35	1	2.90647e-12	-0.00011743
27.35	2	4.20062e-06	-9.14135e-08
27.4	0	5.91161e-05	-0.000118005
27.4	1	2.90653e-12	-0.000118096
27.4	2	4.20062e-06	-9.12467e-08
27.45	0	5.94771e-05	-0.000118376
27.45	1	2.90658e-12	-0.000118467
27.45	2	4.20062e-06	-9.10805e-08
27.5	0	5.95046e-05	-0.000118404
27.5	1	2.90664e-12	-0.000118495
27.5	2	4.20062e-06	-9.0915e-08
27.55	0	5.91951e-05	-0.000118086
27.55	1	2.90669e-12	-0.000118177
27.55	2	4.20062e-06	-9.075e-08
27.6	0	5.85874e-05	-0.000117462
27.6	1	2.90674e-12	-0.000117553
27.6	2	4.20062e-06	-9.05856e-08
27.65	0	5.77546e-05	-0.000116608
27.65	1	2.90679e-12	-0.000116698
27.65	2	4.20062e-06	-9.04218e-08
27.7	0	5.67907e-05	-0.00011562
27.7	1	2.90685e-12	-0.000115711
27.7	2	4.20062e-06	-9.02586e-08
27.75	0	5.57959e-05	-0.000114603
27.75	1	2.9069e-12	-0.000114693
27.75	2	4.20062e-06	-9.0096e-08
27.8	0	5.4864e-05	-0.00011365
27.8	1	2.90695e-12	-0.00011374
27.8	2	4.20062e-06	-8.9934e-08
27.85	0	5.40746e-05	-0.000112844
27.85	1	2.907e-12	-0.000112934
27.85	2	4.20062e-06	-8.97725e-08
27.9	0	5.3489e-05	-0.000112247
27.9	1	2.90706e-12	-0.000112337
27.9	2	4.20062e-06	-8.96117e-08
27.95	0	5.31493e-05	-0.000111901
27.95	1	2.90711e-12	-0.00011199
27.95	2	4.20062e-06	-8.94514e-08
28	0	5.30785e-05	-0.000111829
28	1	2.90716e-12	-0.000111918
28	2	4.20062e-06	-8.92917e-08
28.05	0	5.32814e-05	-0.000112035
28.05	1	2.90721e-12	-0.000112125
28.05	2	4.20062e-06	-8.91325e-08
28.1	0	5.37442e-05	-0.000112507
28.1	1	2.90726e-12	-0.000112596
28.1	2	4.20062e-06	-8.89739e-08
28.15	0	5.4435e-05	-0.000113212
28.15	1	2.90731e-12	-0.000113301
28.15	2	4.20062e-06	-8.88159e-08
28.2	0	5.53023e-05	-0.000114098
28.2	1	2.90736e-12	-0.000114187
28.2	2	4.20062e-06	-8.86585e-08
28.25	0	5.62757e-05	-0.000115093
28.25	1	2.90741e-12	-0.000115182
28.25	2	4.20062e-06	-8.85016e-08
28.3	0	5.72678e-05	-0.000116109
28.3	1	2.90746e-12	-0.000116197
28.3	2	4.20062e-06	-8.83452e-08
28.35	0	5.81807e-05	-0.000117045
28.35	1	2.90752e-12	-0.000117133
28.35	2	4.20062e-06	-8.81894e-08
28.4	0	5.89152e-05	-0.000117799
28.4	1	2.90757e-12	-0.000117887
28.4	2	4.20062e-06	-8.80342e-08
28.45	0	5.93857e-05	-0.000118282
28.45	1	2.90762e-12	-0.00011837
28.45	2	4.20062e-06	-8.78795e-08
28.5	0	5.95342e-05	-0.000118435
28.5	1	2.90766e-12	-0.000118522
28.5	2	4.20062e-06	-8.77253e-08
28.55	0	5.93419e-05	-0.000118237
28.55	1	2.90771e-12	-0.000118325
28.55	2	4.20062e-06	-8.75717e-08
28.6	0	5.88332e-05	-0.000117714
28.6	1	2.90776e-12	-0.000117802
28.6	2	4.20062e-06	-8.74186e-08
28.65	0	5.80702e-05	-0.000116931
28.65	1	2.90781e-12	-0.000117019
28.65	2	4.20062e-06	-8.72661e-08
28.7	0	5.71414e-05	-0.00011598
28.7	1	2.90786e-12	-0.000116067
28.7	2	4.20062e-06	-8.7114e-08
28.75	0	5.61463e-05	-0.000114961
28.75	1	2.90791e-12	-0.000115048
28.75	2	4.20062e-06	-8.69626e-08
28.8	0	5.51821e-05	-0.000113975
28.8	1	2.90796e-12	-0.000114062
28.8	2	4.20062e-06	-8.68116e-08
28.85	0	5.43341e-05	-0.000113109
28.85	1	2.90801e-12	-0.000113196
28.85	2	4.20062e-06	-8.66612e-08
28.9	0	5.36704e-05	-0.000112432
28.9	1	2.90806e-12	-0.000112519
28.9	2	4.20062e-06	-8.65112e-08
28.95	0	5.32399e-05	-0.000111993
28.95	1	2.9081e-12	-0.000112079
28.95	2	4.20062e-06	-8.63618e-08
29	0	5.30722e-05	-0.000111822
29	1	2.90815e-12	-0.000111908
29	2	4.20062e-06	-8.6213e-08
29.05	0	5.31785e-05	-0.000111931
29.05	1	2.9082e-12	-0.000112017
29.05	2	4.20062e-06	-8.60646e-08
29.1	0	5.35518e-05	-0.000112311
29.1	1	2.90825e-12	-0.000112397
29.1	2	4.20062e-06	-8.59167e-08
29.15	0	5.41666e-05	-0.000112938
29.15	1	2.9083e-12	-0.000113024
29.15	2	4.20062e-06	-8.57694e-08
29.2	0	5.49784e-05	-0.000113767
29.2	1	2.90834e-12	-0.000113853
29.2	2	4.20062e-06	-8.56225e-08
29.25	0	5.59233e-05	-0.000114733
29.25	1	2.90839e-12	-0.000114818
29.25	2	4.20062e-06	-8.54762e-08
29.3	0	5.69197e-05	-0.000115752
29.3	1	2.90844e-12	-0.000115838
29.3	2	4.20062e-06	-8.53303e-08
29.35	0	5.78722e-05	-0.000116728
29.35	1	2.90848e-12	-0.000116814
29.35	2	4.20062e-06	-8.5185e-08
29.4	0	5.86808e-05	-0.000117558
29.4	1	2.90853e-12	-0.000117643
29.4	2	4.20062e-06	-8.50401e-08
29.45	0	5.92534e-05	-0.000118146
29.45	1	2.90858e-12	-0.000118231
29.45	2	4.20062e-06	-8.48958e-08
29.5	0	5.95205e-05	-0.00011842
29.5	1	2.90862e-12	-0.000118505
29.5	2	4.20062e-06	-8.47519e-08
29.55	0	5.94485e-05	-0.000118346
29.55	1	2.90867e-12	-0.000118431
29.55	2	4.20062e-06	-8.46085e-08
29.6	0	5.90467e-05	-0.000117934
29.6	1	2.90872e-12	-0.000118018
29.6	2	4.20062e-06	-8.44656e-08
29.65	0	5.83649e-05	-0.000117234
29.65	1	2.90876e-12	-0.000117318
29.65	2	4.20062e-06	-8.43232e-08
29.7	0	5.74838e-05	-0.00011633
29.7	1	2.90881e-12	-0.000116414
29.7	2	4.20062e-06	-8.41812e-08
29.75	0	5.65007e-05	-0.000115324
29.75	1	2.90885e-12	-0.000115408
29.75	2	4.20062e-06	-8.40398e-08
29.8	0	5.5515e-05	-0.000114315
29.8	1	2.9089e-12	-0.000114399
29.8	2	4.20062e-06	-8.38988e-08
29.85	0	5.4617e-05	-0.000113398
29.85	1	2.90894e-12	-0.000113482
29.85	2	4.20062e-06	-8.37582e-08
29.9	0	5.38813e-05	-0.000112647
29.9	1	2.90899e-12	-0.000112731
29.9	2	4.20062e-06	-8.36182e-08
29.95	0	5.33637e-05	-0.000112119
29.95	1	2.90903e-12	-0.000112203
29.95	2	4.20062e-06	-8.34786e-08
30	0	5.31005e-05	-0.000111851
30	1	2.90908e-12	-0.000111934
30	2	4.20062e-06	-8.33395e-08
30.05	0	5.31095e-05	-0.00011186
30.05	1	2.90912e-12	-0.000111943
30.05	2	4.20062e-06	-8.32008e-08
30.1	0	5.339e-05	-0.000112146
30.1	1	2.90917e-12	-0.000112229
30.1	2	4.20062e-06	-8.30626e-08
30.15	0	5.39232e-05	-0.00011269
30.15	1	2.90921e-12	-0.000112773
30.15	2	4.20062e-06	-8.29249e-08
30.2	0	5.46714e-05	-0.000113454
30.2	1	2.90926e-12	-0.000113536
30.2	2	4.20062e-06	-8.27876e-08
30.25	0	5.55776e-05	-0.000114379
30.25	1	2.9093e-12	-0.000114462
30.25	2	4.20062e-06	-8.26508e-08
30.3	0	5.6566e-05	-0.00011539
30.3	1	2.90935e-12	-0.000115473
30.3	2	4.20062e-06	-8.25144e-08
30.35	0	5.75455e-05	-0.000116394
30.35	1	2.90939e-12	-0.000116476
30.35	2	4.20062e-06	-8.23785e-08
30.4	0	5.84165e-05	-0.000117287
30.4	1	2.90943e-12	-0.000117369
30.4	2	4.20062e-06	-8.2243e-08
30.45	0	5.90822e-05	-0.00011797
30.45	1	2.90948e-12	-0.000118052
30.45	2	4.20062e-06	-8.2108e-08
30.5	0	5.94636e-05	-0.000118362
30.5	1	2.90952e-12	-0.000118444
30.5	2	4.20062e-06	-8.19734e-08
30.55	0	5.95132e-05	-0.000118413
30.55	1	2.90956e-12	-0.000118495
30.55	2	4.20062e-06	-8.18393e-08
30.6	0	5.92247e-05	-0.000118117
30.6	1	2.90961e-12	-0.000118198
30.6	2	4.20062e-06	-8.17055e-08
30.65	0	5.86343e-05	-0.00011751
30.65	1	2.90965e-12	-0.000117592
30.65	2	4.20062e-06	-8.15723e-08
30.7	0	5.78133e-05	-0.000116668
30.7	1	2.90969e-12	-0.000116749
30.7	2	4.20062e-06	-8.14394e-08
30.75	0	5.68549e-05	-0.000115686
30.75	1	2.90974e-12	-0.000115767
30.75	2	4.20062e-06	-8.1307e-08
30.8	0	5.58591e-05	-0.000114667
30.8	1	2.90978e-12	-0.000114748
30.8	2	4.20062e-06	-8.1175e-08
30.85	0	5.49205e-05	-0.000113708
30.85	1	2.90982e-12	-0.000113789
30.85	2	4.20062e-06	-8.10435e-08
30.9	0	5.41199e-05	-0.000112891
30.9	1	2.90986e-12	-0.000112972
30.9	2	4.20062e-06	-8.09124e-08
30.95	0	5.35197e-05	-0.000112278
30.95	1	2.9099e-12	-0.000112359
30.95	2	4.20062e-06	-8.07817e-08
31	0	5.31633e-05	-0.000111915
31	1	2.90995e-12	-0.000111996
31	2	4.20062e-06	-8.06514e-08
31.05	0	5.30748e-05	-0.000111825
31.05	1	2.90999e-12	-0.000111905
31.05	2	4.20062e-06	-8.05215e-08
31.1	0	5.32602e-05	-0.000112014
31.1	1	2.91003e-12	-0.000112094
31.1	2	4.20062e-06	-8.03921e-08
31.15	0	5.37071e-05	-0.00011247
31.15	1	2.91007e-12	-0.00011255
31.15	2	4.20062e-06	-8.0263e-08
31.2	0	5.43845e-05	-0.000113161
31.2	1	2.91011e-12	-0.000113241
31.2	2	4.20062e-06	-8.01344e-08
31.25	0	5.52424e-05	-0.000114037
31.25	1	2.91015e-12	-0.000114117
31.25	2	4.20062e-06	-8.00062e-08
31.3	0	5.62113e-05	-0.000115027
31.3	1	2.9102e-12	-0.000115107
31.3	2	4.20062e-06	-7.98784e-08
31.35	0	5.72052e-05	-0.000116045
31.35	1	2.91024e-12	-0.000116125
31.35	2	4.20062e-06	-7.9751e-08
31.4	0	5.81262e-05	-0.000116989
31.4	1	2.91028e-12	-0.000117068
31.4	2	4.20062e-06	-7.96241e-08
31.45	0	5.8875e-05	-0.000117757
31.45	1	2.91032e-12	-0.000117837
31.45	2	4.20062e-06	-7.94975e-08
31.5	0	5.93646e-05	-0.00011826
31.5	1	2.91036e-12	-0.00011834
31.5	2	4.20062e-06	-7.93713e-08
31.55	0	5.95349e-05	-0.000118435
31.55	1	2.9104e-12	-0.000118515
31.55	2	4.20062e-06	-7.92455e-08
31.6	0	5.93644e-05	-0.00011826
31.6	1	2.91044e-12	-0.000118339
31.6	2	4.20062e-06	-7.91202e-08
31.65	0	5.88745e-05	-0.000117757
31.65	1	2.91048e-12	-0.000117836
31.65	2	4.20062e-06	-7.89952e-08
31.7	0	5.81255e-05	-0.000116988
31.7	1	2.91052e-12	-0.000117067
31.7	2	4.20062e-06	-7.88706e-08
31.75	0	5.72044e-05	-0.000116044
31.75	1	2.91056e-12	-0.000116123
31.75	2	4.20062e-06	-7.87464e-08
31.8	0	5.62105e-05	-0.000115027
31.8	1	2.9106e-12	-0.000115105
31.8	2	4.20062e-06	-7.86226e-08
31.85	0	5.52416e-05	-0.000114036
31.85	1	2.91064e-12	-0.000114114
31.85	2	4.20062e-06	-7.84992e-08
31.9	0	5.43839e-05	-0.00011316
31.9	1	2.91068e-12	-0.000113238
31.9	2	4.20062e-06	-7.83761e-08
31.95	0	5.37066e-05	-0.000112469
31.95	1	2.91072e-12	-0.000112547
31.95	2	4.20062e-06	-7.82535e-08
32	0	5.32599e-05	-0.000112014
32	1	2.91076e-12	-0.000112092
32	2	4.20062e-06	-7.81312e-08
32.05	0	5.30748e-05	-0.000111825
32.05	1	2.9108e-12	-0.000111903
32.05	2	4.20062e-06	-7.80094e-08
32.1	0	5.31635e-05	-0.000111915
32.1	1	2.91084e-12	-0.000111993
32.1	2	4.20062e-06	-7.78879e-08
32.15	0	5.35201e-05	-0.000112279
32.15	1	2.91088e-12	-0.000112357
32.15	2	4.20062e-06	-7.77667e-08
32.2	0	5.41205e-05	-0.000112891
32.2	1	2.91092e-12	-0.000112969
32.2	2	4.20062e-06	-7.7646e-08
32.25	0	5.49213e-05	-0.000113709
32.25	1	2.91095e-12	-0.000113786
32.25	2	4.20062e-06	-7.75256e-08
32.3	0	5.58599e-05	-0.000114668
32.3	1	2.91099e-12	-0.000114745
32.3	2	4.20062e-06	-7.74056e-08
32.35	0	5.68557e-05	-0.000115687
32.35	1	2.91103e-12	-0.000115764
32.35	2	4.20062e-06	-7.7286e-08
32.4	0	5.78141e-05	-0.000116669
32.4	1	2.91107e-12	-0.000116746
32.4	2	4.20062e-06	-7.71667e-08
32.45	0	5.86349e-05	-0.000117511
32.45	1	2.91111e-12	-0.000117588
32.45	2	4.20062e-06	-7.70478e-08
32.5	0	5.92251e-05	-0.000118117
32.5	1	2.91115e-12	-0.000118194
32.5	2	4.20062e-06	-7.69293e-08
32.55	0	5.95133e-05	-0.000118413
32.55	1	2.91119e-12	-0.00011849
32.55	2	4.20062e-06	-7.68112e-08
32.6	0	5.94635e-05	-0.000118362
32.6	1	2.91122e-12	-0.000118439
32.6	2	4.20062e-06	-7.66934e-08
32.65	0	5.90818e-05	-0.00011797
32.65	1	2.91126e-12	-0.000118046
32.65	2	4.20062e-06	-7.65759e-08
32.7	0	5.84158e-05	-0.000117286
32.7	1	2.9113e-12	-0.000117363
32.7	2	4.20062e-06	-7.64588e-08
32.75	0	5.75448e-05	-0.000116393
32.75	1	2.91134e-12	-0.000116469
32.75	2	4.20062e-06	-7.63421e-08
32.8	0	5.65652e-05	-0.00011539
32.8	1	2.91137e-12	-0.000115466
32.8	2	4.20062e-06	-7.62258e-08
32.85	0	5.55768e-05	-0.000114379
32.85	1	2.91141e-12	-0.000114455
32.85	2	4.20062e-06	-7.61097e-08
32.9	0	5.46707e-05	-0.000113453
32.9	1	2.91145e-12	-0.000113529
32.9	2	4.20062e-06	-7.59941e-08
32.95	0	5.39227e-05	-0.000112689
32.95	1	2.91149e-12	-0.000112765
32.95	2	4.20062e-06	-7.58788e-08
33	0	5.33897e-05	-0.000112146
33	1	2.91152e-12	-0.000112222
33	2	4.20062e-06	-7.57638e-08
33.05	0	5.31094e-05	-0.00011186
33.05	1	2.91156e-12	-0.000111936
33.05	2	4.20062e-06	-7.56492e-08
33.1	0	5.31006e-05	-0.000111851
33.1	1	2.9116e-12	-0.000111927
33.1	2	4.20062e-06	-7.55349e-08
33.15	0	5.3364e-05	-0.00011212
33.15	1	2.91163e-12	-0.000112195
33.15	2	4.20062e-06	-7.5421e-08
33.2	0	5.38819e-05	-0.000112648
33.2	1	2.91167e-12	-0.000112723
33.2	2	4.20062e-06	-7.53074e-08
33.25	0	5.46177e-05	-0.000113399
33.25	1	2.91171e-12	-0.000113474
33.25	2	4.20062e-06	-7.51942e-08
33.3	0	5.55158e-05	-0.000114316
33.3	1	2.91174e-12	-0.000114391
33.3	2	4.20062e-06	-7.50813e-08
33.35	0	5.65015e-05	-0.000115324
33.35	1	2.91178e-12	-0.000115399
33.35	2	4.20062e-06	-7.49688e-08
33.4	0	5.74846e-05	-0.000116331
33.4	1	2.91182e-12	-0.000116406
33.4	2	4.20062e-06	-7.48565e-08
33.45	0	5.83656e-05	-0.000117234
33.45	1	2.91185e-12	-0.000117309
33.45	2	4.20062e-06	-7.47447e-08
33.5	0	5.90472e-05	-0.000117934
33.5	1	2.91189e-12	-0.000118009
33.5	2	4.20062e-06	-7.46331e-08
33.55	0	5.94488e-05	-0.000118347
33.55	1	2.91192e-12	-0.000118421
33.55	2	4.20062e-06	-7.45219e-08
33.6	0	5.95204e-05	-0.00011842
33.6	1	2.91196e-12	-0.000118495
33.6	2	4.20062e-06	-7.4411e-08
33.65	0	5.9253e-05	-0.000118146
33.65	1	2.912e-12	-0.00011822
33.65	2	4.20062e-06	-7.43004e-08
33.7	0	5.86802e-05	-0.000117557
33.7	1	2.91203e-12	-0.000117632
33.7	2	4.20062e-06	-7.41902e-08
33.75	0	5.78714e-05	-0.000116728
33.75	1	2.91207e-12	-0.000116802
33.75	2	4.20062e-06	-7.40803e-08
33.8	0	5.69188e-05	-0.000115752
33.8	1	2.9121e-12	-0.000115826
33.8	2	4.20062e-06	-7.39707e-08
33.85	0	5.59225e-05	-0.000114732
33.85	1	2.91214e-12	-0.000114806
33.85	2	4.20062e-06	-7.38615e-08
33.9	0	5.49777e-05	-0.000113766
33.9	1	2.91217e-12	-0.00011384
33.9	2	4.20062e-06	-7.37525e-08
33.95	0	5.4166e-05	-0.000112938
33.95	1	2.91221e-12	-0.000113011
33.95	2	4.20062e-06	-7.36439e-08
34	0	5.35514e-05	-0.000112311
34	1	2.91224e-12	-0.000112384
34	2	4.20062e-06	-7.35356e-08
34.05	0	5.31783e-05	-0.00011193
34.05	1	2.91228e-12	-0.000112004
34.05	2	4.20062e-06	-7.34277e-08
34.1	0	5.30722e-05	-0.000111822
34.1	1	2.91231e-12	-0.000111896
34.1	2	4.20062e-06	-7.332e-08
34.15	0	5.32401e-05	-0.000111993
34.15	1	2.91235e-12	-0.000112067
34.15	2	4.20062e-06	-7.32127e-08
34.2	0	5.36709e-05	-0.000112433
34.2	1	2.91238e-12	-0.000112506
34.2	2	4.20062e-06	-7.31056e-08
34.25	0	5.43348e-05	-0.00011311
34.25	1	2.91241e-12	-0.000113183
34.25	2	4.20062e-06	-7.29989e-08
34.3	0	5.51829e-05	-0.000113976
34.3	1	2.91245e-12	-0.000114049
34.3	2	4.20062e-06	-7.28925e-08
34.35	0	5.61471e-05	-0.000114962
34.35	1	2.91248e-12	-0.000115035
34.35	2	4.20062e-06	-7.27864e-08
34.4	0	5.71422e-05	-0.00011598
34.4	1	2.91252e-12	-0.000116053
34.4	2	4.20062e-06	-7.26806e-08
34.45	0	5.8071e-05	-0.000116932
34.45	1	2.91255e-12	-0.000117005
34.45	2	4.20062e-06	-7.25752e-08
34.5	0	5.88337e-05	-0.000117715
34.5	1	2.91259e-12	-0.000117787
34.5	2	4.20062e-06	-7.247e-08
34.55	0	5.93423e-05	-0.000118237
34.55	1	2.91262e-12	-0.00011831
34.55	2	4.20062e-06	-7.23651e-08
34.6	0	5.95342e-05	-0.000118435
34.6	1	2.91265e-12	-0.000118507
34.6	2	4.20062e-06	-7.22606e-08
34.65	0	5.93855e-05	-0.000118282
34.65	1	2.91269e-12	-0.000118354
34.65	2	4.20062e-06	-7.21563e-08
34.7	0	5.89147e-05	-0.000117798
34.7	1	2.91272e-12	-0.00011787
34.7	2	4.20062e-06	-7.20523e-08
34.75	0	5.818e-05	-0.000117044
34.75	1	2.91275e-12	-0.000117116
34.75	2	4.20062e-06	-7.19487e-08
34.8	0	5.7267e-05	-0.000116108
34.8	1	2.91279e-12	-0.00011618
34.8	2	4.20062e-06	-7.18453e-08
34.85	0	5.62748e-05	-0.000115092
34.85	1	2.91282e-12	-0.000115164
34.85	2	4.20062e-06	-7.17422e-08
34.9	0	5.53015e-05	-0.000114097
34.9	1	2.91285e-12	-0.000114169
34.9	2	4.20062e-06	-7.16395e-08
34.95	0	5.44344e-05	-0.000113212
34.95	1	2.91289e-12	-0.000113283
34.95	2	4.20062e-06	-7.1537e-08
35	0	5.37437e-05	-0.000112507
35	1	2.91292e-12	-0.000112578
35	2	4.20062e-06	-7.14348e-08
35.05	0	5.32811e-05	-0.000112035
35.05	1	2.91295e-12	-0.000112106
35.05	2	4.20062e-06	-7.13329e-08
35.1	0	5.30785e-05	-0.000111829
35.1	1	2.91298e-12	-0.0001119
35.1	2	4.20062e-06	-7.12313e-08
35.15	0	5.31495e-05	-0.000111901
35.15	1	2.91302e-12	-0.000111972
35.15	2	4.20062e-06	-7.113e-08
35.2	0	5.34894e-05	-0.000112248
35.2	1	2.91305e-12	-0.000112319
35.2	2	4.20062e-06	-7.10289e-08
35.25	0	5.40752e-05	-0.000112845
35.25	1	2.91308e-12	-0.000112916
35.25	2	4.20062e-06	-7.09282e-08
35.3	0	5.48647e-05	-0.000113651
35.3	1	2.91311e-12	-0.000113722
35.3	2	4.20062e-06	-7.08277e-08
35.35	0	5.57967e-05	-0.000114603
35.35	1	2.91315e-12	-0.000114674
35.35	2	4.20062e-06	-7.07276e-08
35.4	0	5.67916e-05	-0.000115621
35.4	1	2.91318e-12	-0.000115692
35.4	2	4.20062e-06	-7.06277e-08
35.45	0	5.77554e-05	-0.000116609
35.45	1	2.91321e-12	-0.000116679
35.45	2	4.20062e-06	-7.05281e-08
35.5	0	5.8588e-05	-0.000117463
35.5	1	2.91324e-12	-0.000117533
35.5	2	4.20062e-06	-7.04287e-08
35.55	0	5.91956e-05	-0.000118087
35.55	1	2.91328e-12	-0.000118157
35.55	2	4.20062e-06	-7.03297e-08
35.6	0	5.95048e-05	-0.000118404
35.6	1	2.91331e-12	-0.000118474
35.6	2	4.20062e-06	-7.02309e-08
35.65	0	5.9477e-05	-0.000118376
35.65	1	2.91334e-12	-0.000118446
35.65	2	4.20062e-06	-7.01324e-08
35.7	0	5.91157e-05	-0.000118005
35.7	1	2.91337e-12	-0.000118075
35.7	2	4.20062e-06	-7.00342e-08
35.75	0	5.84659e-05	-0.000117337
35.75	1	2.9134e-12	-0.000117407
35.75	2	4.20062e-06	-6.99363e-08
35.8	0	5.76053e-05	-0.000116455
35.8	1	2.91343e-12	-0.000116525
35.8	2	4.20062e-06	-6.98386e-08
35.85	0	5.66297e-05	-0.000115456
35.85	1	2.91347e-12	-0.000115525
35.85	2	4.20062e-06	-6.97412e-08
35.9	0	5.56389e-05	-0.000114442
35.9	1	2.9135e-12	-0.000114512
35.9	2	4.20062e-06	-6.96441e-08
35.95	0	5.47251e-05	-0.000113508
35.95	1	2.91353e-12	-0.000113578
35.95	2	4.20062e-06	-6.95472e-08
36	0	5.39649e-05	-0.000112733
36	1	2.91356e-12	-0.000112802
36	2	4.20062e-06	-6.94506e-08
36.05	0	5.34167e-05	-0.000112173
36.05	1	2.91359e-12	-0.000112243
36.05	2	4.20062e-06	-6.93543e-08
36.1	0	5.31193e-05	-0.00011187
36.1	1	2.91362e-12	-0.00011194
36.1	2	4.20062e-06	-6.92582e-08
36.15	0	5.30929e-05	-0.000111843
36.15	1	2.91365e-12	-0.000111912
36.15	2	4.20062e-06	-6.91625e-08
36.2	0	5.33391e-05	-0.000112094
36.2	1	2.91368e-12	-0.000112163
36.2	2	4.20062e-06	-6.90669e-08
36.25	0	5.38414e-05	-0.000112607
36.25	1	2.91371e-12	-0.000112675
36.25	2	4.20062e-06	-6.89717e-08
36.3	0	5.45647e-05	-0.000113345
36.3	1	2.91374e-12	-0.000113413
36.3	2	4.20062e-06	-6.88767e-08
36.35	0	5.54543e-05	-0.000114253
36.35	1	2.91377e-12	-0.000114322
36.35	2	4.20062e-06	-6.8782e-08
36.4	0	5.6437e-05	-0.000115258
36.4	1	2.91381e-12	-0.000115327
36.4	2	4.20062e-06	-6.86875e-08
36.45	0	5.74232e-05	-0.000116268
36.45	1	2.91384e-12	-0.000116337
36.45	2	4.20062e-06	-6.85933e-08
36.5	0	5.83138e-05	-0.000117181
36.5	1	2.91387e-12	-0.00011725
36.5	2	4.20062e-06	-6.84993e-08
36.55	0	5.9011e-05	-0.000117897
36.55	1	2.9139e-12	-0.000117965
36.55	2	4.20062e-06	-6.84056e-08
36.6	0	5.94325e-05	-0.00011833
36.6	1	2.91393e-12	-0.000118398
36.6	2	4.20062e-06	-6.83122e-08
36.65	0	5.95261e-05	-0.000118426
36.65	1	2.91396e-12	-0.000118494
36.65	2	4.20062e-06	-6.8219e-08
36.7	0	5.928e-05	-0.000118173
36.7	1	2.91399e-12	-0.000118241
36.7	2	4.20062e-06	-6.8126e-08
36.75	0	5.87252e-05	-0.000117604
36.75	1	2.91402e-12	-0.000117672
36.75	2	4.20062e-06	-6.80334e-08
36.8	0	5.7929e-05	-0.000116787
36.8	1	2.91405e-12	-0.000116855
36.8	2	4.20062e-06	-6.79409e-08
36.85	0	5.69826e-05	-0.000115817
36.85	1	2.91408e-12	-0.000115885
36.85	2	4.20062e-06	-6.78487e-08
36.9	0	5.59861e-05	-0.000114797
36.9	1	2.91411e-12	-0.000114865
36.9	2	4.20062e-06	-6.77568e-08
36.95	0	5.50353e-05	-0.000113825
36.95	1	2.91413e-12	-0.000113893
36.95	2	4.20062e-06	-6.76651e-08
37	0	5.4213e-05	-0.000112986
37	1	2.91416e-12	-0.000113053
37	2	4.20062e-06	-6.75737e-08
37.05	0	5.35841e-05	-0.000112344
37.05	1	2.91419e-12	-0.000112412
37.05	2	4.20062e-06	-6.74825e-08
37.1	0	5.31945e-05	-0.000111947
37.1	1	2.91422e-12	-0.000112014
37.1	2	4.20062e-06	-6.73916e-08
37.15	0	5.30708e-05	-0.000111821
37.15	1	2.91425e-12	-0.000111888
37.15	2	4.20062e-06	-6.73009e-08
37.2	0	5.32211e-05	-0.000111974
37.2	1	2.91428e-12	-0.000112041
37.2	2	4.20062e-06	-6.72104e-08
37.25	0	5.36356e-05	-0.000112397
37.25	1	2.91431e-12	-0.000112464
37.25	2	4.20062e-06	-6.71202e-08
37.3	0	5.42858e-05	-0.00011306
37.3	1	2.91434e-12	-0.000113127
37.3	2	4.20062e-06	-6.70302e-08
37.35	0	5.51238e-05	-0.000113916
37.35	1	2.91437e-12	-0.000113983
37.35	2	4.20062e-06	-6.69405e-08
37.4	0	5.6083e-05	-0.000114896
37.4	1	2.9144e-12	-0.000114963
37.4	2	4.20062e-06	-6.6851e-08
37.45	0	5.7079e-05	-0.000115916
37.45	1	2.91443e-12	-0.000115982
37.45	2	4.20062e-06	-6.67618e-08
37.5	0	5.80151e-05	-0.000116875
37.5	1	2.91445e-12	-0.000116942
37.5	2	4.20062e-06	-6.66728e-08
37.55	0	5.87914e-05	-0.000117671
37.55	1	2.91448e-12	-0.000117738
37.55	2	4.20062e-06	-6.6584e-08
37.6	0	5.93185e-05	-0.000118213
37.6	1	2.91451e-12	-0.000118279
37.6	2	4.20062e-06	-6.64955e-08
37.65	0	5.95321e-05	-0.000118432
37.65	1	2.91454e-12	-0.000118499
37.65	2	4.20062e-06	-6.64072e-08
37.7	0	5.94052e-05	-0.000118302
37.7	1	2.91457e-12	-0.000118368
37.7	2	4.20062e-06	-6.63191e-08
37.75	0	5.89538e-05	-0.000117838
37.75	1	2.9146e-12	-0.000117905
37.75	2	4.20062e-06	-6.62313e-08
37.8	0	5.82337e-05	-0.000117099
37.8	1	2.91463e-12	-0.000117165
37.8	2	4.20062e-06	-6.61437e-08
37.85	0	5.73294e-05	-0.000116172
37.85	1	2.91465e-12	-0.000116238
37.85	2	4.20062e-06	-6.60563e-08
37.9	0	5.63392e-05	-0.000115158
37.9	1	2.91468e-12	-0.000115224
37.9	2	4.20062e-06	-6.59691e-08
37.95	0	5.53619e-05	-0.000114159
37.95	1	2.91471e-12	-0.000114225
37.95	2	4.20062e-06	-6.58822e-08
38	0	5.44856e-05	-0.000113264
38	1	2.91474e-12	-0.00011333
38	2	4.20062e-06	-6.57956e-08
38.05	0	5.37818e-05	-0.000112546
38.05	1	2.91477e-12	-0.000112612
38.05	2	4.20062e-06	-6.57091e-08
38.1	0	5.33033e-05	-0.000112058
38.1	1	2.91479e-12	-0.000112123
38.1	2	4.20062e-06	-6.56229e-08
38.15	0	5.30833e-05	-0.000111834
38.15	1	2.91482e-12	-0.000111899
38.15	2	4.20062e-06	-6.55369e-08
38.2	0	5.31366e-05	-0.000111888
38.2	1	2.91485e-12	-0.000111953
38.2	2	4.20062e-06	-6.54511e-08
38.25	0	5.34597e-05	-0.000112217
38.25	1	2.91488e-12	-0.000112283
38.25	2	4.20062e-06	-6.53655e-08
38.3	0	5.40307e-05	-0.0001128
38.3	1	2.9149e-12	-0.000112865
38.3	2	4.20062e-06	-6.52802e-08
38.35	0	5.48088e-05	-0.000113594
38.35	1	2.91493e-12	-0.000113659
38.35	2	4.20062e-06	-6.51951e-08
38.4	0	5.57338e-05	-0.000114539
38.4	1	2.91496e-12	-0.000114604
38.4	2	4.20062e-06	-6.51102e-08
38.45	0	5.67273e-05	-0.000115555
38.45	1	2.91499e-12	-0.00011562
38.45	2	4.20062e-06	-6.50256e-08
38.5	0	5.76961e-05	-0.000116548
38.5	1	2.91501e-12	-0.000116613
38.5	2	4.20062e-06	-6.49411e-08
38.55	0	5.85402e-05	-0.000117414
38.55	1	2.91504e-12	-0.000117478
38.55	2	4.20062e-06	-6.48569e-08
38.6	0	5.91648e-05	-0.000118055
38.6	1	2.91507e-12	-0.00011812
38.6	2	4.20062e-06	-6.47729e-08
38.65	0	5.94948e-05	-0.000118394
38.65	1	2.91509e-12	-0.000118459
38.65	2	4.20062e-06	-6.46891e-08
38.7	0	5.94891e-05	-0.000118388
38.7	1	2.91512e-12	-0.000118453
38.7	2	4.20062e-06	-6.46055e-08
38.75	0	5.91484e-05	-0.000118038
38.75	1	2.91515e-12	-0.000118103
38.75	2	4.20062e-06	-6.45222e-08
38.8	0	5.85152e-05	-0.000117388
38.8	1	2.91517e-12	-0.000117452
38.8	2	4.20062e-06	-6.4439e-08
38.85	0	5.76653e-05	-0.000116516
38.85	1	2.9152e-12	-0.000116581
38.85	2	4.20062e-06	-6.43561e-08
38.9	0	5.66941e-05	-0.000115522
38.9	1	2.91523e-12	-0.000115586
38.9	2	4.20062e-06	-6.42734e-08
38.95	0	5.57014e-05	-0.000114506
38.95	1	2.91525e-12	-0.00011457
38.95	2	4.20062e-06	-6.41909e-08
39	0	5.47801e-05	-0.000113565
39	1	2.91528e-12	-0.000113629
39	2	4.20062e-06	-6.41086e-08
39.05	0	5.40081e-05	-0.000112777
39.05	1	2.91531e-12	-0.000112841
39.05	2	4.20062e-06	-6.40265e-08
39.1	0	5.34448e-05	-0.000112202
39.1	1	2.91533e-12	-0.000112266
39.1	2	4.20062e-06	-6.39446e-08
39.15	0	5.31304e-05	-0.000111882
39.15	1	2.91536e-12	-0.000111945
39.15	2	4.20062e-06	-6.3863e-08
39.2	0	5.30863e-05	-0.000111837
39.2	1	2.91539e-12	-0.0001119
39.2	2	4.20062e-06	-6.37815e-08
39.25	0	5.33152e-05	-0.00011207
39.25	1	2.91541e-12	-0.000112134
39.25	2	4.20062e-06	-6.37003e-08
39.3	0	5.38019e-05	-0.000112566
39.3	1	2.91544e-12	-0.00011263
39.3	2	4.20062e-06	-6.36192e-08
39.35	0	5.45123e-05	-0.000113291
39.35	1	2.91547e-12	-0.000113355
39.35	2	4.20062e-06	-6.35384e-08
39.4	0	5.53933e-05	-0.000114191
39.4	1	2.91549e-12	-0.000114254
39.4	2	4.20062e-06	-6.34578e-08
39.45	0	5.63725e-05	-0.000115192
39.45	1	2.91552e-12	-0.000115256
39.45	2	4.20062e-06	-6.33774e-08
39.5	0	5.73614e-05	-0.000116205
39.5	1	2.91554e-12	-0.000116268
39.5	2	4.20062e-06	-6.32971e-08
39.55	0	5.82612e-05	-0.000117127
39.55	1	2.91557e-12	-0.000117191
39.55	2	4.20062e-06	-6.32171e-08
39.6	0	5.89736e-05	-0.000117859
39.6	1	2.91559e-12	-0.000117922
39.6	2	4.20062e-06	-6.31373e-08
39.65	0	5.94149e-05	-0.000118312
39.65	1	2.91562e-12	-0.000118375
39.65	2	4.20062e-06	-6.30577e-08
39.7	0	5.95305e-05	-0.000118431
39.7	1	2.91565e-12	-0.000118494
39.7	2	4.20062e-06	-6.29783e-08
39.75	0	5.93058e-05	-0.0001182
39.75	1	2.91567e-12	-0.000118263
39.75	2	4.20062e-06	-6.28991e-08
39.8	0	5.87691e-05	-0.000117649
39.8	1	2.9157e-12	-0.000117711
39.8	2	4.20062e-06	-6.28201e-08
39.85	0	5.79859e-05	-0.000116845
39.85	1	2.91572e-12	-0.000116908
39.85	2	4.20062e-06	-6.27412e-08
39.9	0	5.70463e-05	-0.000115882
39.9	1	2.91575e-12	-0.000115945
39.9	2	4.20062e-06	-6.26626e-08
39.95	0	5.605e-05	-0.000114862
39.95	1	2.91577e-12	-0.000114925
39.95	2	4.20062e-06	-6.25842e-08
40	0	5.50936e-05	-0.000113885
40	1	2.9158e-12	-0.000113947
40	2	4.20062e-06	-6.2506e-08
40.05	0	5.42608e-05	-0.000113034
40.05	1	2.91582e-12	-0.000113097
40.05	2	4.20062e-06	-6.24279e-08
40.1	0	5.36178e-05	-0.000112379
40.1	1	2.91585e-12	-0.000112441
40.1	2	4.20062e-06	-6.23501e-08
40.15	0	5.32118e-05	-0.000111965
40.15	1	2.91587e-12	-0.000112027
40.15	2	4.20062e-06	-6.22725e-08
40.2	0	5.30704e-05	-0.00011182
40.2	1	2.9159e-12	-0.000111883
40.2	2	4.20062e-06	-6.2195e-08
40.25	0	5.32033e-05	-0.000111956
40.25	1	2.91592e-12	-0.000112018
40.25	2	4.20062e-06	-6.21178e-08
40.3	0	5.36014e-05	-0.000112362
40.3	1	2.91595e-12	-0.000112424
40.3	2	4.20062e-06	-6.20407e-08
40.35	0	5.42376e-05	-0.000113011
40.35	1	2.91597e-12	-0.000113073
40.35	2	4.20062e-06	-6.19638e-08
40.4	0	5.50653e-05	-0.000113856
40.4	1	2.916e-12	-0.000113918
40.4	2	4.20062e-06	-6.18871e-08
40.45	0	5.60191e-05	-0.000114831
40.45	1	2.91602e-12	-0.000114893
40.45	2	4.20062e-06	-6.18106e-08
40.5	0	5.70155e-05	-0.000115851
40.5	1	2.91605e-12	-0.000115912
40.5	2	4.20062e-06	-6.17343e-08
40.55	0	5.79585e-05	-0.000116817
40.55	1	2.91607e-12	-0.000116878
40.55	2	4.20062e-06	-6.16582e-08
40.6	0	5.8748e-05	-0.000117627
40.6	1	2.9161e-12	-0.000117688
40.6	2	4.20062e-06	-6.15823e-08
40.65	0	5.92935e-05	-0.000118187
40.65	1	2.91612e-12	-0.000118249
40.65	2	4.20062e-06	-6.15065e-08
40.7	0	5.95286e-05	-0.000118429
40.7	1	2.91614e-12	-0.00011849
40.7	2	4.20062e-06	-6.1431e-08
40.75	0	5.94236e-05	-0.000118321
40.75	1	2.91617e-12	-0.000118382
40.75	2	4.20062e-06	-6.13556e-08
40.8	0	5.89918e-05	-0.000117877
40.8	1	2.91619e-12	-0.000117939
40.8	2	4.20062e-06	-6.12804e-08
40.85	0	5.82868e-05	-0.000117154
40.85	1	2.91622e-12	-0.000117215
40.85	2	4.20062e-06	-6.12054e-08
40.9	0	5.73914e-05	-0.000116236
40.9	1	2.91624e-12	-0.000116297
40.9	2	4.20062e-06	-6.11306e-08
40.95	0	5.64037e-05	-0.000115224
40.95	1	2.91627e-12	-0.000115285
40.95	2	4.20062e-06	-6.1056e-08
41	0	5.54228e-05	-0.000114221
41	1	2.91629e-12	-0.000114282
41	2	4.20062e-06	-6.09815e-08
41.05	0	5.45376e-05	-0.000113317
41.05	1	2.91631e-12	-0.000113378
41.05	2	4.20062e-06	-6.09072e-08
41.1	0	5.38209e-05	-0.000112586
41.1	1	2.91634e-12	-0.000112646
41.1	2	4.20062e-06	-6.08331e-08
41.15	0	5.33266e-05	-0.000112082
41.15	1	2.91636e-12	-0.000112142
41.15	2	4.20062e-06	-6.07592e-08
41.2	0	5.30893e-05	-0.00011184
41.2	1	2.91638e-12	-0.0001119
41.2	2	4.20062e-06	-6.06855e-08
41.25	0	5.31249e-05	-0.000111876
41.25	1	2.91641e-12	-0.000111937
41.25	2	4.20062e-06	-6.06119e-08
41.3	0	5.34311e-05	-0.000112188
41.3	1	2.91643e-12	-0.000112249
41.3	2	4.20062e-06	-6.05386e-08
41.35	0	5.39871e-05	-0.000112755
41.35	1	2.91646e-12	-0.000112816
41.35	2	4.20062e-06	-6.04654e-08
41.4	0	5.47534e-05	-0.000113537
41.4	1	2.91648e-12	-0.000113598
41.4	2	4.20062e-06	-6.03923e-08
41.45	0	5.56711e-05	-0.000114475
41.45	1	2.9165e-12	-0.000114535
41.45	2	4.20062e-06	-6.03195e-08
41.5	0	5.66629e-05	-0.00011549
41.5	1	2.91653e-12	-0.00011555
41.5	2	4.20062e-06	-6.02468e-08
41.55	0	5.76363e-05	-0.000116487
41.55	1	2.91655e-12	-0.000116547
41.55	2	4.20062e-06	-6.01743e-08
41.6	0	5.84915e-05	-0.000117364
41.6	1	2.91657e-12	-0.000117424
41.6	2	4.20062e-06	-6.0102e-08
41.65	0	5.91327e-05	-0.000118022
41.65	1	2.9166e-12	-0.000118082
41.65	2	4.20062e-06	-6.00299e-08
41.7	0	5.94834e-05	-0.000118382
41.7	1	2.91662e-12	-0.000118442
41.7	2	4.20062e-06	-5.99579e-08
41.75	0	5.94998e-05	-0.000118399
41.75	1	2.91664e-12	-0.000118459
41.75	2	4.20062e-06	-5.98861e-08
41.8	0	5.91798e-05	-0.00011807
41.8	1	2.91667e-12	-0.00011813
41.8	2	4.20062e-06	-5.98145e-08
41.85	0	5.85635e-05	-0.000117438
41.85	1	2.91669e-12	-0.000117497
41.85	2	4.20062e-06	-5.9743e-08
41.9	0	5.77249e-05	-0.000116577
41.9	1	2.91671e-12	-0.000116637
41.9	2	4.20062e-06	-5.96717e-08
41.95	0	5.67584e-05	-0.000115587
41.95	1	2.91673e-12	-0.000115647
41.95	2	4.20062e-06	-5.96006e-08
42	0	5.57642e-05	-0.00011457
42	1	2.91676e-12	-0.00011463
42	2	4.20062e-06	-5.95296e-08
42.05	0	5.48357e-05	-0.000113621
42.05	1	2.91678e-12	-0.000113681
42.05	2	4.20062e-06	-5.94589e-08
42.1	0	5.40521e-05	-0.000112822
42.1	1	2.9168e-12	-0.000112881
42.1	2	4.20062e-06	-5.93883e-08
42.15	0	5.34739e-05	-0.000112232
42.15	1	2.91683e-12	-0.000112291
42.15	2	4.20062e-06	-5.93178e-08
42.2	0	5.31427e-05	-0.000111894
42.2	1	2.91685e-12	-0.000111953
42.2	2	4.20062e-06	-5.92475e-08
42.25	0	5.30808e-05	-0.000111831
42.25	1	2.91687e-12	-0.00011189
42.25	2	4.20062e-06	-5.91774e-08
42.3	0	5.32924e-05	-0.000112047
42.3	1	2.91689e-12	-0.000112106
42.3	2	4.20062e-06	-5.91075e-08
42.35	0	5.37633e-05	-0.000112527
42.35	1	2.91692e-12	-0.000112586
42.35	2	4.20062e-06	-5.90377e-08
42.4	0	5.44607e-05	-0.000113238
42.4	1	2.91694e-12	-0.000113297
42.4	2	4.20062e-06	-5.89681e-08
42.45	0	5.53326e-05	-0.000114129
42.45	1	2.91696e-12	-0.000114188
42.45	2	4.20062e-06	-5.88986e-08
42.5	0	5.63081e-05	-0.000115126
42.5	1	2.91698e-12	-0.000115185
42.5	2	4.20062e-06	-5.88293e-08
42.55	0	5.72993e-05	-0.000116141
42.55	1	2.91701e-12	-0.0001162
42.55	2	4.20062e-06	-5.87602e-08
42.6	0	5.82078e-05	-0.000117073
42.6	1	2.91703e-12	-0.000117131
42.6	2	4.20062e-06	-5.86912e-08
42.65	0	5.89351e-05	-0.000117819
42.65	1	2.91705e-12	-0.000117878
42.65	2	4.20062e-06	-5.86224e-08
42.7	0	5.93958e-05	-0.000118292
42.7	1	2.91707e-12	-0.000118351
42.7	2	4.20062e-06	-5.85538e-08
42.75	0	5.95334e-05	-0.000118434
42.75	1	2.91709e-12	-0.000118492
42.75	2	4.20062e-06	-5.84853e-08
42.8	0	5.93302e-05	-0.000118225
42.8	1	2.91712e-12	-0.000118283
42.8	2	4.20062e-06	-5.8417e-08
42.85	0	5.8812e-05	-0.000117693
42.85	1	2.91714e-12	-0.000117751
42.85	2	4.20062e-06	-5.83488e-08
42.9	0	5.80422e-05	-0.000116903
42.9	1	2.91716e-12	-0.000116961
42.9	2	4.20062e-06	-5.82808e-08
42.95	0	5.71096e-05	-0.000115947
42.95	1	2.91718e-12	-0.000116005
42.95	2	4.20062e-06	-5.8213e-08
43	0	5.6114e-05	-0.000114928
43	1	2.9172e-12	-0.000114986
43	2	4.20062e-06	-5.81453e-08
43.05	0	5.51523e-05	-0.000113945
43.05	1	2.91723e-12	-0.000114003
43.05	2	4.20062e-06	-5.80778e-08
43.1	0	5.43093e-05	-0.000113084
43.1	1	2.91725e-12	-0.000113142
43.1	2	4.20062e-06	-5.80104e-08
43.15	0	5.36525e-05	-0.000112414
43.15	1	2.91727e-12	-0.000112472
43.15	2	4.20062e-06	-5.79432e-08
43.2	0	5.32301e-05	-0.000111983
43.2	1	2.91729e-12	-0.000112041
43.2	2	4.20062e-06	-5.78761e-08
43.25	0	5.30713e-05	-0.000111821
43.25	1	2.91731e-12	-0.000111879
43.25	2	4.20062e-06	-5.78092e-08
43.3	0	5.31865e-05	-0.000111939
43.3	1	2.91733e-12	-0.000111996
43.3	2	4.20062e-06	-5.77425e-08
43.35	0	5.35681e-05	-0.000112328
43.35	1	2.91736e-12	-0.000112386
43.35	2	4.20062e-06	-5.76759e-08
43.4	0	5.41901e-05	-0.000112962
43.4	1	2.91738e-12	-0.00011302
43.4	2	4.20062e-06	-5.76094e-08
43.45	0	5.50073e-05	-0.000113797
43.45	1	2.9174e-12	-0.000113854
43.45	2	4.20062e-06	-5.75431e-08
43.5	0	5.59553e-05	-0.000114766
43.5	1	2.91742e-12	-0.000114823
43.5	2	4.20062e-06	-5.7477e-08
43.55	0	5.69518e-05	-0.000115785
43.55	1	2.91744e-12	-0.000115843
43.55	2	4.20062e-06	-5.7411e-08
43.6	0	5.79012e-05	-0.000116758
43.6	1	2.91746e-12	-0.000116815
43.6	2	4.20062e-06	-5.73452e-08
43.65	0	5.87036e-05	-0.000117581
43.65	1	2.91748e-12	-0.000117639
43.65	2	4.20062e-06	-5.72795e-08
43.7	0	5.92672e-05	-0.00011816
43.7	1	2.9175e-12	-0.000118217
43.7	2	4.20062e-06	-5.7214e-08
43.75	0	5.95236e-05	-0.000118424
43.75	1	2.91753e-12	-0.000118481
43.75	2	4.20062e-06	-5.71486e-08
43.8	0	5.94406e-05	-0.000118338
43.8	1	2.91755e-12	-0.000118395
43.8	2	4.20062e-06	-5.70833e-08
43.85	0	5.90287e-05	-0.000117915
43.85	1	2.91757e-12	-0.000117972
43.85	2	4.20062e-06	-5.70183e-08
43.9	0	5.8339e-05	-0.000117207
43.9	1	2.91759e-12	-0.000117264
43.9	2	4.20062e-06	-5.69533e-08
43.95	0	5.7453e-05	-0.000116299
43.95	1	2.91761e-12	-0.000116356
43.95	2	4.20062e-06	-5.68885e-08
44	0	5.64682e-05	-0.00011529
44	1	2.91763e-12	-0.000115347
44	2	4.20062e-06	-5.68239e-08
44.05	0	5.5484e-05	-0.000114284
44.05	1	2.91765e-12	-0.000114341
44.05	2	4.20062e-06	-5.67594e-08
44.1	0	5.45902e-05	-0.000113371
44.1	1	2.91767e-12	-0.000113427
44.1	2	4.20062e-06	-5.6695e-08
44.15	0	5.38608e-05	-0.000112626
44.15	1	2.91769e-12	-0.000112683
44.15	2	4.20062e-06	-5.66308e-08
44.2	0	5.3351e-05	-0.000112106
44.2	1	2.91771e-12	-0.000112163
44.2	2	4.20062e-06	-5.65668e-08
44.25	0	5.30964e-05	-0.000111847
44.25	1	2.91773e-12	-0.000111903
44.25	2	4.20062e-06	-5.65029e-08
44.3	0	5.31143e-05	-0.000111865
44.3	1	2.91775e-12	-0.000111922
44.3	2	4.20062e-06	-5.64391e-08
44.35	0	5.34035e-05	-0.00011216
44.35	1	2.91777e-12	-0.000112216
44.35	2	4.20062e-06	-5.63755e-08
44.4	0	5.39443e-05	-0.000112712
44.4	1	2.91779e-12	-0.000112768
44.4	2	4.20062e-06	-5.6312e-08
44.45	0	5.46987e-05	-0.000113481
44.45	1	2.91782e-12	-0.000113538
44.45	2	4.20062e-06	-5.62486e-08
44.5	0	5.56088e-05	-0.000114411
44.5	1	2.91784e-12	-0.000114467
44.5	2	4.20062e-06	-5.61854e-08
44.55	0	5.65985e-05	-0.000115424
44.55	1	2.91786e-12	-0.00011548
44.55	2	4.20062e-06	-5.61224e-08
44.6	0	5.75761e-05	-0.000116425
44.6	1	2.91788e-12	-0.000116481
44.6	2	4.20062e-06	-5.60595e-08
44.65	0	5.84418e-05	-0.000117313
44.65	1	2.9179e-12	-0.000117369
44.65	2	4.20062e-06	-5.59967e-08
44.7	0	5.90995e-05	-0.000117988
44.7	1	2.91792e-12	-0.000118044
44.7	2	4.20062e-06	-5.59341e-08
44.75	0	5.94707e-05	-0.000118369
44.75	1	2.91794e-12	-0.000118425
44.75	2	4.20062e-06	-5.58716e-08
44.8	0	5.95092e-05	-0.000118409
44.8	1	2.91796e-12	-0.000118465
44.8	2	4.20062e-06	-5.58092e-08
44.85	0	5.92101e-05	-0.000118101
44.85	1	2.91798e-12	-0.000118157
44.85	2	4.20062e-06	-5.5747e-08
44.9	0	5.86109e-05	-0.000117486
44.9	1	2.918e-12	-0.000117542
44.9	2	4.20062e-06	-5.56849e-08
44.95	0	5.77839e-05	-0.000116638
44.95	1	2.91802e-12	-0.000116694
44.95	2	4.20062e-06	-5.5623e-08
45	0	5.68226e-05	-0.000115653
45	1	2.91804e-12	-0.000115709
45	2	4.20062e-06	-5.55612e-08
45.05	0	5.58273e-05	-0.000114635
45.05	1	2.91806e-12	-0.00011469
45.05	2	4.20062e-06	-5.54995e-08
45.1	0	5.4892e-05	-0.000113679
45.1	1	2.91808e-12	-0.000113734
45.1	2	4.20062e-06	-5.5438e-08
45.15	0	5.4097e-05	-0.000112867
45.15	1	2.9181e-12	-0.000112923
45.15	2	4.20062e-06	-5.53766e-08
45.2	0	5.35041e-05	-0.000112263
45.2	1	2.91812e-12	-0.000112318
45.2	2	4.20062e-06	-5.53153e-08
45.25	0	5.3156e-05	-0.000111908
45.25	1	2.91814e-12	-0.000111963
45.25	2	4.20062e-06	-5.52542e-08
45.3	0	5.30765e-05	-0.000111827
45.3	1	2.91816e-12	-0.000111882
45.3	2	4.20062e-06	-5.51932e-08
45.35	0	5.32706e-05	-0.000112025
45.35	1	2.91817e-12	-0.00011208
45.35	2	4.20062e-06	-5.51324e-08
45.4	0	5.37256e-05	-0.000112488
45.4	1	2.91819e-12	-0.000112543
45.4	2	4.20062e-06	-5.50717e-08
45.45	0	5.44098e-05	-0.000113187
45.45	1	2.91821e-12	-0.000113242
45.45	2	4.20062e-06	-5.50111e-08
45.5	0	5.52724e-05	-0.000114067
45.5	1	2.91823e-12	-0.000114122
45.5	2	4.20062e-06	-5.49506e-08
45.55	0	5.62437e-05	-0.000115061
45.55	1	2.91825e-12	-0.000115115
45.55	2	4.20062e-06	-5.48903e-08
45.6	0	5.72368e-05	-0.000116077
45.6	1	2.91827e-12	-0.000116132
45.6	2	4.20062e-06	-5.48301e-08
45.65	0	5.81537e-05	-0.000117017
45.65	1	2.91829e-12	-0.000117072
45.65	2	4.20062e-06	-5.47701e-08
45.7	0	5.88954e-05	-0.000117778
45.7	1	2.91831e-12	-0.000117833
45.7	2	4.20062e-06	-5.47102e-08
45.75	0	5.93755e-05	-0.000118271
45.75	1	2.91833e-12	-0.000118326
45.75	2	4.20062e-06	-5.46504e-08
45.8	0	5.95348e-05	-0.000118435
45.8	1	2.91835e-12	-0.00011849
45.8	2	4.20062e-06	-5.45907e-08
45.85	0	5.93533e-05	-0.000118249
45.85	1	2.91837e-12	-0.000118303
45.85	2	4.20062e-06	-5.45312e-08
45.9	0	5.88539e-05	-0.000117736
45.9	1	2.91839e-12	-0.00011779
45.9	2	4.20062e-06	-5.44718e-08
45.95	0	5.80978e-05	-0.00011696
45.95	1	2.91841e-12	-0.000117014
45.95	2	4.20062e-06	-5.44125e-08
46	0	5.71728e-05	-0.000116012
46	1	2.91843e-12	-0.000116066
46	2	4.20062e-06	-5.43534e-08
46.05	0	5.61782e-05	-0.000114994
46.05	1	2.91844e-12	-0.000115048
46.05	2	4.20062e-06	-5.42944e-08
46.1	0	5.52116e-05	-0.000114005
46.1	1	2.91846e-12	-0.00011406
46.1	2	4.20062e-06	-5.42355e-08
46.15	0	5.43587e-05	-0.000113134
46.15	1	2.91848e-12	-0.000113189
46.15	2	4.20062e-06	-5.41767e-08
46.2	0	5.36882e-05	-0.00011245
46.2	1	2.9185e-12	-0.000112504
46.2	2	4.20062e-06	-5.41181e-08
46.25	0	5.32496e-05	-0.000112003
46.25	1	2.91852e-12	-0.000112057
46.25	2	4.20062e-06	-5.40596e-08
46.3	0	5.30733e-05	-0.000111823
46.3	1	2.91854e-12	-0.000111877
46.3	2	4.20062e-06	-5.40012e-08
46.35	0	5.31708e-05	-0.000111923
46.35	1	2.91856e-12	-0.000111977
46.35	2	4.20062e-06	-5.3943e-08
46.4	0	5.35359e-05	-0.000112295
46.4	1	2.91858e-12	-0.000112349
46.4	2	4.20062e-06	-5.38848e-08
46.45	0	5.41435e-05	-0.000112915
46.45	1	2.9186e-12	-0.000112969
46.45	2	4.20062e-06	-5.38268e-08
46.5	0	5.49499e-05	-0.000113738
46.5	1	2.91861e-12	-0.000113792
46.5	2	4.20062e-06	-5.3769e-08
46.55	0	5.58918e-05	-0.000114701
46.55	1	2.91863e-12	-0.000114754
46.55	2	4.20062e-06	-5.37112e-08
46.6	0	5.68879e-05	-0.00011572
46.6	1	2.91865e-12	-0.000115774
46.6	2	4.20062e-06	-5.36536e-08
46.65	0	5.78434e-05	-0.000116699
46.65	1	2.91867e-12	-0.000116752
46.65	2	4.20062e-06	-5.35961e-08
46.7	0	5.86582e-05	-0.000117535
46.7	1	2.91869e-12	-0.000117588
46.7	2	4.20062e-06	-5.35387e-08
46.75	0	5.92395e-05	-0.000118132
46.75	1	2.91871e-12	-0.000118185
46.75	2	4.20062e-06	-5.34814e-08
46.8	0	5.95172e-05	-0.000118417
46.8	1	2.91873e-12	-0.00011847
46.8	2	4.20062e-06	-5.34243e-08
46.85	0	5.94562e-05	-0.000118354
46.85	1	2.91874e-12	-0.000118408
46.85	2	4.20062e-06	-5.33673e-08
46.9	0	5.90644e-05	-0.000117952
46.9	1	2.91876e-12	-0.000118005
46.9	2	4.20062e-06	-5.33104e-08
46.95	0	5.83904e-05	-0.00011726
46.95	1	2.91878e-12	-0.000117313
46.95	2	4.20062e-06	-5.32536e-08
47	0	5.75142e-05	-0.000116361
47	1	2.9188e-12	-0.000116415
47	2	4.20062e-06	-5.3197e-08
47.05	0	5.65328e-05	-0.000115356
47.05	1	2.91882e-12	-0.00011541
47.05	2	4.20062e-06	-5.31404e-08
47.1	0	5.55457e-05	-0.000114347
47.1	1	2.91884e-12	-0.0001144
47.1	2	4.20062e-06	-5.3084e-08
47.15	0	5.46436e-05	-0.000113425
47.15	1	2.91885e-12	-0.000113478
47.15	2	4.20062e-06	-5.30277e-08
47.2	0	5.39017e-05	-0.000112668
47.2	1	2.91887e-12	-0.000112721
47.2	2	4.20062e-06	-5.29716e-08
47.25	0	5.33764e-05	-0.000112132
47.25	1	2.91889e-12	-0.000112185
47.25	2	4.20062e-06	-5.29155e-08
47.3	0	5.31047e-05	-0.000111855
47.3	1	2.91891e-12	-0.000111908
47.3	2	4.20062e-06	-5.28596e-08
47.35	0	5.31049e-05	-0.000111856
47.35	1	2.91893e-12	-0.000111908
47.35	2	4.20062e-06	-5.28038e-08
47.4	0	5.33769e-05	-0.000112133
47.4	1	2.91894e-12	-0.000112186
47.4	2	4.20062e-06	-5.27481e-08
47.45	0	5.39025e-05	-0.000112669
47.45	1	2.91896e-12	-0.000112722
47.45	2	4.20062e-06	-5.26925e-08
47.5	0	5.46446e-05	-0.000113426
47.5	1	2.91898e-12	-0.000113479
47.5	2	4.20062e-06	-5.2637e-08
47.55	0	5.55468e-05	-0.000114348
47.55	1	2.919e-12	-0.0001144
47.55	2	4.20062e-06	-5.25817e-08
47.6	0	5.6534e-05	-0.000115358
47.6	1	2.91901e-12	-0.00011541
47.6	2	4.20062e-06	-5.25265e-08
47.65	0	5.75153e-05	-0.000116363
47.65	1	2.91903e-12	-0.000116415
47.65	2	4.20062e-06	-5.24713e-08
47.7	0	5.83913e-05	-0.000117261
47.7	1	2.91905e-12	-0.000117313
47.7	2	4.20062e-06	-5.24163e-08
47.75	0	5.9065e-05	-0.000117952
47.75	1	2.91907e-12	-0.000118005
47.75	2	4.20062e-06	-5.23615e-08
47.8	0	5.94565e-05	-0.000118355
47.8	1	2.91909e-12	-0.000118407
47.8	2	4.20062e-06	-5.23067e-08
47.85	0	5.9517e-05	-0.000118417
47.85	1	2.9191e-12	-0.000118469
47.85	2	4.20062e-06	-5.2252e-08
47.9	0	5.9239e-05	-0.000118131
47.9	1	2.91912e-12	-0.000118183
47.9	2	4.20062e-06	-5.21975e-08
47.95	0	5.86573e-05	-0.000117534
47.95	1	2.91914e-12	-0.000117586
47.95	2	4.20062e-06	-5.21431e-08
48	0	5.78423e-05	-0.000116698
48	1	2.91916e-12	-0.00011675
48	2	4.20062e-06	-5.20887e-08
48.05	0	5.68867e-05	-0.000115719
48.05	1	2.91917e-12	-0.000115771
48.05	2	4.20062e-06	-5.20345e-08
48.1	0	5.58906e-05	-0.000114699
48.1	1	2.91919e-12	-0.000114751
48.1	2	4.20062e-06	-5.19805e-08
48.15	0	5.49489e-05	-0.000113737
48.15	1	2.91921e-12	-0.000113789
48.15	2	4.20062e-06	-5.19265e-08
48.2	0	5.41427e-05	-0.000112914
48.2	1	2.91923e-12	-0.000112966
48.2	2	4.20062e-06	-5.18726e-08
48.25	0	5.35353e-05	-0.000112294
48.25	1	2.91924e-12	-0.000112346
48.25	2	4.20062e-06	-5.18189e-08
48.3	0	5.31705e-05	-0.000111923
48.3	1	2.91926e-12	-0.000111974
48.3	2	4.20062e-06	-5.17652e-08
48.35	0	5.30733e-05	-0.000111823
48.35	1	2.91928e-12	-0.000111875
48.35	2	4.20062e-06	-5.17117e-08
48.4	0	5.325e-05	-0.000112004
48.4	1	2.91929e-12	-0.000112055
48.4	2	4.20062e-06	-5.16583e-08
48.45	0	5.36889e-05	-0.000112451
48.45	1	2.91931e-12	-0.000112503
48.45	2	4.20062e-06	-5.1605e-08
48.5	0	5.43596e-05	-0.000113135
48.5	1	2.91933e-12	-0.000113187
48.5	2	4.20062e-06	-5.15518e-08
48.55	0	5.52127e-05	-0.000114006
48.55	1	2.91935e-12	-0.000114058
48.55	2	4.20062e-06	-5.14987e-08
48.6	0	5.61794e-05	-0.000114995
48.6	1	2.91936e-12	-0.000115046
48.6	2	4.20062e-06	-5.14457e-08
48.65	0	5.71739e-05	-0.000116013
48.65	1	2.91938e-12	-0.000116064
48.65	2	4.20062e-06	-5.13928e-08
48.7	0	5.80988e-05	-0.000116961
48.7	1	2.9194e-12	-0.000117012
48.7	2	4.20062e-06	-5.13401e-08
48.75	0	5.88547e-05	-0.000117736
48.75	1	2.91941e-12	-0.000117788
48.75	2	4.20062e-06	-5.12874e-08
48.8	0	5.93537e-05	-0.000118249
48.8	1	2.91943e-12	-0.0001183
48.8	2	4.20062e-06	-5.12349e-08
48.85	0	5.95348e-05	-0.000118435
48.85	1	2.91945e-12	-0.000118486
48.85	2	4.20062e-06	-5.11824e-08
48.9	0	5.93751e-05	-0.000118271
48.9	1	2.91946e-12	-0.000118322
48.9	2	4.20062e-06	-5.11301e-08
48.95	0	5.88947e-05	-0.000117778
48.95	1	2.91948e-12	-0.000117829
48.95	2	4.20062e-06	-5.10779e-08
49	0	5.81527e-05	-0.000117016
49	1	2.9195e-12	-0.000117067
49	2	4.20062e-06	-5.10258e-08
49.05	0	5.72356e-05	-0.000116076
49.05	1	2.91952e-12	-0.000116127
49.05	2	4.20062e-06	-5.09737e-08
49.1	0	5.62425e-05	-0.000115059
49.1	1	2.91953e-12	-0.00011511
49.1	2	4.20062e-06	-5.09218e-08
49.15	0	5.52713e-05	-0.000114066
49.15	1	2.91955e-12	-0.000114117
49.15	2	4.20062e-06	-5.087e-08
49.2	0	5.44089e-05	-0.000113186
49.2	1	2.91957e-12	-0.000113236
49.2	2	4.20062e-06	-5.08183e-08
49.25	0	5.37249e-05	-0.000112488
49.25	1	2.91958e-12	-0.000112539
49.25	2	4.20062e-06	-5.07667e-08
49.3	0	5.32702e-05	-0.000112024
49.3	1	2.9196e-12	-0.000112075
49.3	2	4.20062e-06	-5.07153e-08
49.35	0	5.30764e-05	-0.000111827
49.35	1	2.91962e-12	-0.000111877
49.35	2	4.20062e-06	-5.06639e-08
49.4	0	5.31563e-05	-0.000111908
49.4	1	2.91963e-12	-0.000111959
49.4	2	4.20062e-06	-5.06126e-08
49.45	0	5.35046e-05	-0.000112263
49.45	1	2.91965e-12	-0.000112314
49.45	2	4.20062e-06	-5.05614e-08
49.5	0	5.40978e-05	-0.000112868
49.5	1	2.91966e-12	-0.000112919
49.5	2	4.20062e-06	-5.05104e-08
49.55	0	5.4893e-05	-0.00011368
49.55	1	2.91968e-12	-0.00011373
49.55	2	4.20062e-06	-5.04594e-08
49.6	0	5.58284e-05	-0.000114636
49.6	1	2.9197e-12	-0.000114686
49.6	2	4.20062e-06	-5.04085e-08
49.65	0	5.68238e-05	-0.000115654
49.65	1	2.91971e-12	-0.000115705
49.65	2	4.20062e-06	-5.03578e-08
49.7	0	5.7785e-05	-0.000116639
49.7	1	2.91973e-12	-0.000116689
49.7	2	4.20062e-06	-5.03071e-08
49.75	0	5.86118e-05	-0.000117487
49.75	1	2.91975e-12	-0.000117537
49.75	2	4.20062e-06	-5.02565e-08
49.8	0	5.92106e-05	-0.000118102
49.8	1	2.91976e-12	-0.000118152
49.8	2	4.20062e-06	-5.02061e-08
49.85	0	5.95093e-05	-0.000118409
49.85	1	2.91978e-12	-0.000118459
49.85	2	4.20062e-06	-5.01557e-08
49.9	0	5.94704e-05	-0.000118369
49.9	1	2.91979e-12	-0.000118419
49.9	2	4.20062e-06	-5.01055e-08
49.95	0	5.90989e-05	-0.000117987
49.95	1	2.91981e-12	-0.000118037
49.95	2	4.20062e-06	-5.00553e-08
50	0	5.84409e-05	-0.000117312
50	1	2.91983e-12	-0.000117362
50	2	4.20062e-06	-5.00053e-08
