0	0
0.05	0
0.1	0
0.15	0
0.2	0
0.25	0
0.3	0
0.35	0
0.4	0
0.45	0
0.5	0
0.55	1
0.6	1
0.65	1
0.7	1
0.75	1
0.8	1
0.85	1
0.9	1
0.95	1
1	1
1.05	1
1.1	1
1.15	1
1.2	1
1.25	1
1.3	1
1.35	1
1.4	1
1.45	1
1.5	1
1.55	1
1.6	1
1.65	1
1.7	1
1.75	1
1.8	1
1.85	1
1.9	1
1.95	1
2	1
2.05	1
2.1	1
2.15	1
2.2	1
2.25	1
2.3	1
2.35	1
2.4	1
2.45	1
2.5	1
2.55	1
2.6	1
2.65	1
2.7	1
2.75	1
2.8	1
2.85	1
2.9	1
2.95	1
3	1
3.05	1
3.1	1
3.15	1
3.2	1
3.25	1
3.3	1
3.35	1
3.4	1
3.45	1
3.5	1
3.55	1
3.6	1
3.65	1
3.7	1
3.75	1
3.8	1
3.85	1
3.9	1
3.95	1
4	1
4.05	1
4.1	1
4.15	1
4.2	1
4.25	1
4.3	1
4.35	1
4.4	1
4.45	1
4.5	1
4.55	1
4.6	1
4.65	1
4.7	1
4.75	1
4.8	1
4.85	1
4.9	1
4.95	1
5	1
5.05	1
5.1	1
5.15	1
5.2	1
5.25	1
5.3	1
5.35	1
5.4	1
5.45	1
5.5	1
5.55	1
5.6	1
5.65	1
5.7	1
5.75	1
5.8	1
5.85	1
5.9	1
5.95	1
6	1
6.05	1
6.1	1
6.15	1
6.2	1
6.25	1
6.3	1
6.35	1
6.4	1
6.45	1
6.5	1
6.55	1
6.6	1
6.65	1
6.7	1
6.75	1
6.8	1
6.85	1
6.9	1
6.95	1
7	1
7.05	1
7.1	1
7.15	1
7.2	1
7.25	1
7.3	1
7.35	1
7.4	1
7.45	1
7.5	1
7.55	1
7.6	1
7.65	1
7.7	1
7.75	1
7.8	1
7.85	1
7.9	1
7.95	1
8	1
8.05	1
8.1	1
8.15	1
8.2	1
8.25	1
8.3	1
8.35	1
8.4	1
8.45	1
8.5	1
8.55	1
8.6	1
8.65	1
8.7	1
8.75	1
8.8	1
8.85	1
8.9	1
8.95	1
9	1
9.05	1
9.1	1
9.15	1
9.2	1
9.25	1
9.3	1
9.35	1
9.4	1
9.45	1
9.5	1
9.55	1
9.6	1
9.65	1
9.7	1
9.75	1
9.8	1
9.85	1
9.9	1
9.95	1
10	1
10.05	1
10.1	1
10.15	1
10.2	1
10.25	1
10.3	1
10.35	1
10.4	1
10.45	1
10.5	1
10.55	1
10.6	1
10.65	1
10.7	1
10.75	1
10.8	1
10.85	1
10.9	1
10.95	1
11	1
11.05	1
11.1	1
11.15	1
11.2	1
11.25	1
11.3	1
11.35	1
11.4	1
11.45	1
11.5	1
11.55	1
11.6	1
11.65	1
11.7	1
11.75	1
11.8	1
11.85	1
11.9	1
11.95	1
12	1
12.05	1
12.1	1
12.15	1
12.2	1
12.25	1
12.3	1
12.35	1
12.4	1
12.45	1
12.5	1
12.55	1
12.6	1
12.65	1
12.7	1
12.75	1
12.8	1
12.85	1
12.9	1
12.95	1
13	1
13.05	1
13.1	1
13.15	1
13.2	1
13.25	1
13.3	1
13.35	1
13.4	1
13.45	1
13.5	1
13.55	1
13.6	1
13.65	1
13.7	1
13.75	1
13.8	1
13.85	1
13.9	1
13.95	1
14	1
14.05	1
14.1	1
14.15	1
14.2	1
14.25	1
14.3	1
14.35	1
14.4	1
14.45	1
14.5	1
14.55	1
14.6	1
14.65	1
14.7	1
14.75	1
14.8	1
14.85	1
14.9	1
14.95	1
15	1
15.05	1
15.1	1
15.15	1
15.2	1
15.25	1
15.3	1
15.35	1
15.4	1
15.45	1
15.5	1
15.55	1
15.6	1
15.65	1
15.7	1
15.75	1
15.8	1
15.85	1
15.9	1
15.95	1
16	1
16.05	1
16.1	1
16.15	1
16.2	1
16.25	1
16.3	1
16.35	1
16.4	1
16.45	1
16.5	1
16.55	1
16.6	1
16.65	1
16.7	1
16.75	1
16.8	1
16.85	1
16.9	1
16.95	1
17	1
17.05	1
17.1	1
17.15	1
17.2	1
17.25	1
17.3	1
17.35	1
17.4	1
17.45	1
17.5	1
17.55	1
17.6	1
17.65	1
17.7	1
17.75	1
17.8	1
17.85	1
17.9	1
17.95	1
18	1
18.05	1
18.1	1
18.15	1
18.2	1
18.25	1
18.3	1
18.35	1
18.4	1
18.45	1
18.5	1
18.55	1
18.6	1
18.65	1
18.7	1
18.75	1
18.8	1
18.85	1
18.9	1
18.95	1
19	1
19.05	1
19.1	1
19.15	1
19.2	1
19.25	1
19.3	1
19.35	1
19.4	1
19.45	1
19.5	1
19.55	1
19.6	1
19.65	1
19.7	1
19.75	1
19.8	1
19.85	1
19.9	1
19.95	1
20	1
20.05	1
20.1	1
20.15	1
20.2	1
20.25	1
20.3	1
20.35	1
20.4	1
20.45	1
20.5	1
20.55	1
20.6	1
20.65	1
20.7	1
20.75	1
20.8	1
20.85	1
20.9	1
20.95	1
21	1
21.05	1
21.1	1
21.15	1
21.2	1
21.25	1
21.3	1
21.35	1
21.4	1
21.45	1
21.5	1
21.55	1
21.6	1
21.65	1
21.7	1
21.75	1
21.8	1
21.85	1
21.9	1
21.95	1
22	1
22.05	1
22.1	1
22.15	1
22.2	1
22.25	1
22.3	1
22.35	1
22.4	1
22.45	1
22.5	1
22.55	1
22.6	1
22.65	1
22.7	1
22.75	1
22.8	1
22.85	1
22.9	1
22.95	1
23	1
23.05	1
23.1	1
23.15	1
23.2	1
23.25	1
23.3	1
23.35	1
23.4	1
23.45	1
23.5	1
23.55	1
23.6	1
23.65	1
23.7	1
23.75	1
23.8	1
23.85	1
23.9	1
23.95	1
24	1
24.05	1
24.1	1
24.15	1
24.2	1
24.25	1
24.3	1
24.35	1
24.4	1
24.45	1
24.5	1
24.55	1
24.6	1
24.65	1
24.7	1
24.75	1
24.8	1
24.85	1
24.9	1
24.95	1
25	1
25.05	1
25.1	1
25.15	1
25.2	1
25.25	1
25.3	1
25.35	1
25.4	1
25.45	1
25.5	1
25.55	1
25.6	1
25.65	1
25.7	1
25.75	1
25.8	1
25.85	1
25.9	1
25.95	1
26	1
26.05	1
26.1	1
26.15	1
26.2	1
26.25	1
26.3	1
26.35	1
26.4	1
26.45	1
26.5	1
26.55	1
26.6	1
26.65	1
26.7	1
26.75	1
26.8	1
26.85	1
26.9	1
26.95	1
27	1
27.05	1
27.1	1
27.15	1
27.2	1
27.25	1
27.3	1
27.35	1
27.4	1
27.45	1
27.5	1
27.55	1
27.6	1
27.65	1
27.7	1
27.75	1
27.8	1
27.85	1
27.9	1
27.95	1
28	1
28.05	1
28.1	1
28.15	1
28.2	1
28.25	1
28.3	1
28.35	1
28.4	1
28.45	1
28.5	1
28.55	1
28.6	1
28.65	1
28.7	1
28.75	1
28.8	1
28.85	1
28.9	1
28.95	1
29	1
29.05	1
29.1	1
29.15	1
29.2	1
29.25	1
29.3	1
29.35	1
29.4	1
29.45	1
29.5	1
29.55	1
29.6	1
29.65	1
29.7	1
29.75	1
29.8	1
29.85	1
29.9	1
29.95	1
30	1
30.05	1
30.1	1
30.15	1
30.2	1
30.25	1
30.3	1
30.35	1
30.4	1
30.45	1
30.5	1
30.55	1
30.6	1
30.65	1
30.7	1
30.75	1
30.8	1
30.85	1
30.9	1
30.95	1
31	1
31.05	1
31.1	1
31.15	1
31.2	1
31.25	1
31.3	1
31.35	1
31.4	1
31.45	1
31.5	1
31.55	1
31.6	1
31.65	1
31.7	1
31.75	1
31.8	1
31.85	1
31.9	1
31.95	1
32	1
32.05	1
32.1	1
32.15	1
32.2	1
32.25	1
32.3	1
32.35	1
32.4	1
32.45	1
32.5	1
32.55	1
32.6	1
32.65	1
32.7	1
32.75	1
32.8	1
32.85	1
32.9	1
32.95	1
33	1
33.05	1
33.1	1
33.15	1
33.2	1
33.25	1
33.3	1
33.35	1
33.4	1
33.45	1
33.5	1
33.55	1
33.6	1
33.65	1
33.7	1
33.75	1
33.8	1
33.85	1
33.9	1
33.95	1
34	1
34.05	1
34.1	1
34.15	1
34.2	1
34.25	1
34.3	1
34.35	1
34.4	1
34.45	1
34.5	1
34.55	1
34.6	1
34.65	1
34.7	1
34.75	1
34.8	1
34.85	1
34.9	1
34.95	1
35	1
35.05	1
35.1	1
35.15	1
35.2	1
35.25	1
35.3	1
35.35	1
35.4	1
35.45	1
35.5	1
35.55	1
35.6	1
35.65	1
35.7	1
35.75	1
35.8	1
35.85	1
35.9	1
35.95	1
36	1
36.05	1
36.1	1
36.15	1
36.2	1
36.25	1
36.3	1
36.35	1
36.4	1
36.45	1
36.5	1
36.55	1
36.6	1
36.65	1
36.7	1
36.75	1
36.8	1
36.85	1
36.9	1
36.95	1
37	1
37.05	1
37.1	1
37.15	1
37.2	1
37.25	1
37.3	1
37.35	1
37.4	1
37.45	1
37.5	1
37.55	1
37.6	1
37.65	1
37.7	1
37.75	1
37.8	1
37.85	1
37.9	1
37.95	1
38	1
38.05	1
38.1	1
38.15	1
38.2	1
38.25	1
38.3	1
38.35	1
38.4	1
38.45	1
38.5	1
38.55	1
38.6	1
38.65	1
38.7	1
38.75	1
38.8	1
38.85	1
38.9	1
38.95	1
39	1
39.05	1
39.1	1
39.15	1
39.2	1
39.25	1
39.3	1
39.35	1
39.4	1
39.45	1
39.5	1
39.55	1
39.6	1
39.65	1
39.7	1
39.75	1
39.8	1
39.85	1
39.9	1
39.95	1
40	1
40.05	1
40.1	1
40.15	1
40.2	1
40.25	1
40.3	1
40.35	1
40.4	1
40.45	1
40.5	1
40.55	1
40.6	1
40.65	1
40.7	1
40.75	1
40.8	1
40.85	1
40.9	1
40.95	1
41	1
41.05	1
41.1	1
41.15	1
41.2	1
41.25	1
41.3	1
41.35	1
41.4	1
41.45	1
41.5	1
41.55	1
41.6	1
41.65	1
41.7	1
41.75	1
41.8	1
41.85	1
41.9	1
41.95	1
42	1
42.05	1
42.1	1
42.15	1
42.2	1
42.25	1
42.3	1
42.35	1
42.4	1
42.45	1
42.5	1
42.55	1
42.6	1
42.65	1
42.7	1
42.75	1
42.8	1
42.85	1
42.9	1
42.95	1
43	1
43.05	1
43.1	1
43.15	1
43.2	1
43.25	1
43.3	1
43.35	1
43.4	1
43.45	1
43.5	1
43.55	1
43.6	1
43.65	1
43.7	1
43.75	1
43.8	1
43.85	1
43.9	1
43.95	1
44	1
44.05	1
44.1	1
44.15	1
44.2	1
44.25	1
44.3	1
44.35	1
44.4	1
44.45	1
44.5	1
44.55	1
44.6	1
44.65	1
44.7	1
44.75	1
44.8	1
44.85	1
44.9	1
44.95	1
45	1
45.05	1
45.1	1
45.15	1
45.2	1
45.25	1
45.3	1
45.35	1
45.4	1
45.45	1
45.5	1
45.55	1
45.6	1
45.65	1
45.7	1
45.75	1
45.8	1
45.85	1
45.9	1
45.95	1
46	1
46.05	1
46.1	1
46.15	1
46.2	1
46.25	1
46.3	1
46.35	1
46.4	1
46.45	1
46.5	1
46.55	1
46.6	1
46.65	1
46.7	1
46.75	1
46.8	1
46.85	1
46.9	1
46.95	1
47	1
47.05	1
47.1	1
47.15	1
47.2	1
47.25	1
47.3	1
47.35	1
47.4	1
47.45	1
47.5	1
47.55	1
47.6	1
47.65	1
47.7	1
47.75	1
47.8	1
47.85	1
47.9	1
47.95	1
48	1
48.05	1
48.1	1
48.15	1
48.2	1
48.25	1
48.3	1
48.35	1
48.4	1
48.45	1
48.5	1
48.55	1
48.6	1
48.65	1
48.7	1
48.75	1
48.8	1
48.85	1
48.9	1
48.95	1
49	1
49.05	1
49.1	1
49.15	1
49.2	1
49.25	1
49.3	1
49.35	1
49.4	1
49.45	1
49.5	1
49.55	1
49.6	1
49.65	1
49.7	1
49.75	1
49.8	1
49.85	1
49.9	1
49.95	1
50	1
